0 0 0
-1.58846e-07 -6.13992e-08 1.50126e-07
-2.05596e-07 -1.85487e-07 -2.24786e-07
-2.66409e-07 1.83524e-07 -2.70328e-07
-1.4791e-07 2.6627e-08 -1.4395e-07
-6.23723e-08 -6.14004e-08 -1.57601e-07
-1.6818e-07 -8.10028e-08 6.40394e-08
-1.26994e-07 9.13214e-08 2.65959e-07
-9.26138e-08 1.15287e-07 -2.31973e-07
2.52531e-07 -1.25857e-07 -2.04239e-07
1.62492e-08 7.27275e-08 1.71295e-09
-1.02873e-07 3.07357e-08 1.39408e-07
-1.74891e-08 8.71835e-08 -2.82137e-07
2.80616e-07 -6.54677e-08 8.10331e-08
1.82865e-07 -2.56882e-07 -1.27481e-07
1.61362e-07 -2.51169e-07 1.03308e-07
-2.1958e-08 -2.38966e-07 1.70811e-08
2.67751e-07 -7.11754e-08 2.48772e-07
-1.08553e-07 -7.42622e-08 1.20826e-07
-2.13821e-07 2.55777e-07 2.81015e-07
-1.64547e-07 -1.41042e-07 -1.47827e-08
-1.78945e-07 1.73412e-07 2.4269e-07
-5.44567e-08 -8.94925e-08 -2.46438e-08
-5.29798e-09 2.7747e-08 1.15067e-08
-6.62323e-09 -2.60588e-07 -9.62049e-08
2.85993e-07 2.183e-07 1.44728e-07
2.22207e-07 -1.21397e-07 -1.92563e-07
1.00339e-07 1.30441e-07 1.27558e-07
-6.75608e-08 -1.11795e-07 -5.1285e-08
-2.39412e-07 -1.06722e-07 1.4616e-07
1.14275e-07 2.39749e-08 -7.08767e-08
1.41288e-07 2.35134e-07 6.90214e-08
-2.1518e-08 -5.97962e-08 2.47831e-07
-1.55801e-07 1.25964e-07 2.47151e-07
2.22397e-07 -1.06441e-07 -2.47226e-08
-2.76048e-08 -7.18011e-08 2.07072e-07
1.77238e-09 2.29513e-07 -1.2262e-07
1.4554e-07 1.67946e-07 1.99178e-07
-2.81876e-07 -2.43669e-07 1.84344e-07
-1.0302e-07 -2.83632e-07 1.50059e-07
-1.9231e-08 -3.94024e-08 2.34035e-07
-3.23935e-08 1.28411e-07 2.44394e-07
1.79634e-07 -1.94313e-07 2.8423e-08
5.41573e-08 4.34401e-08 2.03134e-07
2.84335e-07 1.76794e-07 -2.20616e-09
5.35384e-09 2.14532e-08 -1.21278e-07
-1.67266e-07 -2.77385e-07 2.78877e-07
-2.14378e-07 -1.41825e-07 5.48159e-10
-2.8055e-07 2.24922e-07 1.77498e-07
-2.36358e-07 2.08979e-07 7.72681e-08
1.82414e-07 1.56392e-07 2.68963e-07
-2.13031e-07 5.78794e-08 2.08003e-07
-5.45684e-08 -2.65471e-07 -3.65637e-08
8.10082e-08 -2.62511e-07 2.70506e-07
2.67471e-08 -2.60297e-08 2.12236e-07
-1.58551e-07 -1.49045e-07 -3.77277e-08
1.70665e-07 2.90588e-08 1.85483e-07
-2.75832e-07 3.59685e-08 -1.4796e-08
9.13708e-08 -2.20614e-07 -2.67269e-07
-7.5468e-08 2.04189e-07 2.22252e-07
-1.97087e-07 3.64646e-08 -9.69003e-08
1.61616e-07 2.23478e-07 4.47959e-08
2.35519e-07 -7.47525e-08 -2.66816e-07
6.95017e-08 1.74862e-07 2.73757e-07
2.39153e-07 -2.73831e-07 1.31912e-07
-1.47825e-07 -8.58747e-08 2.68162e-07
-2.67566e-08 -5.27721e-08 -1.12527e-07
-4.7555e-08 -2.64892e-07 -1.8902e-07
1.27143e-07 -1.35699e-07 1.52366e-07
-2.3447e-07 -1.97724e-07 -1.63182e-07
1.5775e-07 5.91878e-08 -1.08054e-07
9.62935e-08 1.98201e-07 3.69386e-08
1.69542e-07 1.37373e-07 2.47333e-07
-2.37258e-07 -1.42706e-07 1.66005e-07
1.82995e-07 1.07182e-07 2.14923e-07
1.66217e-07 1.5741e-07 -2.39739e-08
1.26149e-07 8.08737e-08 2.66654e-07
-2.27498e-07 1.40484e-07 -6.93865e-08
-9.65849e-08 2.52841e-07 -1.48674e-07
2.01546e-08 1.5672e-07 1.84118e-07
-6.3978e-08 -1.47008e-07 -2.3581e-07
-2.81093e-07 -2.38013e-08 -2.79363e-07
7.21034e-08 1.03147e-07 2.78449e-07
-2.69698e-07 -1.8837e-07 -1.42342e-07
-1.81073e-07 2.73459e-07 2.404e-07
2.39592e-07 1.87802e-07 5.2651e-08
-1.93421e-07 -1.88818e-07 -3.66997e-08
-2.0402e-07 8.59246e-08 2.83517e-07
2.03058e-07 1.55739e-07 2.29647e-07
-1.95869e-08 -3.44238e-08 1.52036e-07
-1.20158e-07 3.11042e-09 -2.57898e-07
-6.86944e-08 -1.41885e-07 1.571e-07
7.30753e-08 2.60475e-07 -1.47849e-07
-1.12657e-07 2.45346e-07 7.79727e-08
-6.96956e-08 -5.02914e-08 -1.26248e-07
-1.30394e-07 2.62085e-07 -2.11222e-07
5.99217e-08 -2.04738e-07 1.93714e-07
1.01616e-07 1.2808e-07 5.43787e-08
1.5644e-07 3.45833e-08 1.11721e-07
-2.19453e-07 2.08075e-07 -2.24193e-07
-1.11111e-07 6.02048e-08 2.55761e-07
1.83196e-07 2.38689e-07 -3.82745e-09
-2.11238e-07 1.24971e-07 -9.93466e-08
7.4316e-08 -1.16357e-07 -2.59054e-09
5.15962e-08 2.16027e-07 1.4701e-07
2.1126e-07 -2.43679e-07 -1.97005e-07
-2.8405e-07 6.16624e-08 -2.11313e-07
1.8901e-07 -7.98762e-08 -1.72274e-07
1.23234e-07 -2.34594e-07 -2.37159e-07
-1.88518e-07 1.86171e-07 -1.22437e-07
-2.67993e-07 2.29162e-07 -1.45865e-07
-2.36408e-07 -2.59037e-07 -4.46042e-08
-9.91246e-08 -2.28958e-07 -1.19052e-07
-3.63621e-08 2.64931e-07 2.80368e-07
-1.11707e-07 -2.82705e-07 7.85205e-08
2.10268e-07 -1.66634e-07 -1.10188e-07
-1.97032e-07 9.47871e-08 -1.32485e-07
1.82923e-07 -2.42171e-07 2.05578e-07
1.82206e-07 -9.68095e-08 -2.4362e-07
1.12195e-07 2.04505e-07 -6.50104e-08
1.04839e-07 -2.49163e-07 -1.77741e-07
1.69938e-07 -1.27871e-07 2.17583e-07
2.50092e-07 6.16669e-08 -1.2526e-07
-1.11276e-07 2.82103e-07 -2.54521e-07
1.58931e-07 1.92545e-07 1.75052e-07
2.3616e-08 -1.13202e-07 1.2649e-07
1.26779e-07 1.68969e-07 2.40042e-07
1.09632e-07 5.30752e-08 -1.69089e-07
-2.37767e-07 2.32892e-07 2.49828e-08
-2.11079e-07 -1.02191e-07 -1.90885e-07
1.44079e-07 -1.03986e-07 -1.01109e-07
1.16794e-07 -2.90665e-08 1.90979e-07
-1.0477e-07 -2.39634e-07 1.77111e-07
2.45145e-07 1.88868e-07 1.46043e-08
-5.82092e-09 7.99488e-08 1.25744e-07
1.94634e-07 -2.77366e-07 -2.67648e-07
2.24138e-07 1.6076e-07 -2.80353e-07
-1.21138e-07 -2.74337e-07 -2.16831e-07
-2.5407e-09 -9.6613e-08 8.00613e-08
2.03906e-07 -2.42149e-07 -1.67532e-07
8.06783e-08 1.62727e-07 -3.82442e-08
-2.60803e-07 1.71335e-07 2.38605e-07
-2.08776e-07 -8.06692e-08 -2.36732e-08
-6.48913e-08 1.09523e-07 1.13989e-08
4.25352e-08 1.9151e-07 2.21011e-07
1.41864e-07 2.73441e-07 -1.31799e-07
-2.105e-07 -2.62377e-07 1.2017e-07
-2.43559e-07 2.50028e-08 -1.35793e-07
2.57854e-07 1.52334e-07 1.14381e-07
-1.51296e-07 -1.74475e-07 1.15937e-07
-6.66235e-08 1.25063e-07 -1.50708e-07
-1.52954e-07 1.09774e-08 -1.06271e-07
4.02237e-08 1.2979e-07 -2.04512e-07
-1.95402e-07 6.07375e-09 1.76684e-07
-1.90524e-07 2.83293e-07 1.01097e-07
-1.02164e-07 -5.48777e-08 -8.95801e-08
1.82101e-07 8.31478e-08 1.01965e-07
-2.08707e-07 -1.11719e-07 -1.11233e-07
-8.93903e-10 -6.45287e-08 -2.12007e-07
1.0324e-07 -1.87708e-07 -1.35723e-07
1.15685e-07 -1.46108e-08 2.69358e-07
-1.43288e-08 -8.18991e-08 2.41921e-07
-2.11176e-07 1.46606e-08 -2.00507e-07
-2.60569e-07 2.77542e-07 2.75827e-07
1.99353e-07 2.19698e-07 1.81695e-07
-2.26296e-08 1.24741e-07 2.677e-07
1.04427e-07 2.10681e-07 2.39292e-07
-1.10324e-07 7.65516e-08 -2.59884e-08
-2.31073e-07 -1.57315e-07 2.15803e-07
2.06174e-07 -1.6152e-07 -1.4884e-07
2.5348e-07 2.23788e-07 2.4982e-07
-6.68981e-08 4.06402e-08 2.41801e-07
-2.66872e-07 -4.03671e-08 1.62018e-07
2.54919e-07 -2.56298e-07 -2.61228e-08
2.6136e-07 1.98623e-07 -2.22034e-07
8.41505e-08 -3.73637e-08 -1.12782e-07
-1.84322e-07 -5.236e-08 1.04019e-08
8.69781e-08 1.42192e-07 1.64097e-07
-1.96828e-07 -2.1549e-07 9.09731e-08
4.7841e-08 -1.31764e-07 -1.3685e-08
-2.60331e-07 -3.42911e-08 -2.37344e-07
-2.5735e-07 -5.49361e-09 2.45802e-07
1.48486e-07 -2.33805e-07 -1.6663e-07
-1.69768e-07 2.59955e-07 1.43234e-07
-2.28782e-07 4.54431e-08 -3.75871e-08
1.09865e-07 2.76757e-07 2.19389e-07
-1.13882e-08 2.6175e-07 3.57259e-09
2.12371e-08 1.6422e-07 -1.50724e-07
-6.7563e-08 1.80272e-07 2.851e-07
-1.56276e-07 1.52186e-07 -1.83513e-07
-1.54219e-08 -2.18431e-07 1.7209e-07
1.87894e-07 1.46602e-07 -6.58224e-08
3.63773e-08 2.54812e-07 2.54173e-07
-1.85858e-07 1.66911e-07 -6.24245e-08
2.43877e-07 -1.84011e-07 -1.707e-07
3.18032e-09 -1.42534e-09 2.24255e-08
1.36397e-07 2.50019e-07 -1.69757e-07
9.07314e-08 1.97295e-07 -1.23828e-07
-2.09339e-07 2.54881e-07 2.22947e-08
1.93115e-07 -3.53183e-08 -2.85555e-07
1.07395e-07 7.1239e-08 1.46958e-07
1.76092e-07 1.27736e-07 -7.20504e-08
8.01238e-08 -1.35244e-07 -4.00242e-08
1.39605e-07 2.68413e-07 2.55117e-07
6.53484e-08 -2.4612e-07 9.08295e-08
-2.80492e-07 -7.42683e-08 -2.54688e-07
-2.10838e-07 -2.63102e-07 -1.5595e-07
1.83614e-07 -2.81064e-07 -1.01847e-07
4.80866e-08 -2.04364e-07 1.63223e-07
1.16506e-07 -2.41319e-07 1.11021e-07
-1.79887e-07 -3.28632e-08 -2.3675e-07
-3.56939e-08 1.65479e-07 2.70565e-07
1.76167e-08 -1.94691e-07 1.00948e-07
-2.458e-07 2.78703e-08 8.22546e-08
-1.30087e-07 -6.16063e-08 -1.28633e-07
1.12253e-07 -7.85183e-08 7.08418e-08
9.19767e-08 -1.70122e-08 1.57779e-07
2.81097e-07 1.84694e-08 -2.74177e-07
-1.42269e-07 2.51509e-07 1.81081e-07
2.66136e-07 2.72181e-07 9.44677e-08
2.25923e-07 -1.43698e-07 2.12238e-07
1.24938e-07 2.03027e-08 -9.94312e-08
8.21933e-08 1.27857e-07 -2.39931e-07
-4.26085e-08 1.66945e-07 -2.61232e-08
6.82091e-08 -2.08483e-07 2.73761e-07
2.23081e-07 2.51769e-07 -2.57231e-07
2.21683e-07 2.3265e-07 5.38671e-08
-1.66648e-07 -2.83154e-07 5.9268e-08
1.88162e-07 2.02891e-07 -1.57575e-07
-2.77378e-07 -1.10661e-07 2.17933e-07
4.41787e-08 2.46458e-07 -2.56403e-07
-6.9458e-08 -7.21754e-08 3.83298e-08
2.71218e-07 -2.21582e-07 1.03014e-07
-6.75017e-08 1.07445e-07 -9.19836e-08
1.94297e-08 1.46146e-08 -1.6795e-07
2.8307e-07 2.17551e-07 6.61585e-08
1.37243e-07 1.1649e-07 -3.36143e-08
-9.84492e-09 -2.2274e-07 -3.06665e-08
2.01605e-07 -1.12947e-07 2.45948e-07
1.50134e-08 1.19202e-08 2.53051e-07
2.14633e-07 2.07127e-07 -1.2646e-07
1.30913e-07 1.62693e-07 2.73459e-07
1.4703e-07 1.94931e-07 -6.4212e-08
1.59653e-07 -1.65169e-07 -2.70627e-07
-1.03991e-07 2.09848e-07 -1.8244e-08
-4.19265e-08 3.49079e-08 -9.01454e-08
-2.79811e-07 2.14874e-08 -7.026e-08
-2.56591e-07 -2.39492e-07 2.03347e-07
2.00559e-07 -2.07982e-07 -1.6878e-07
1.3759e-07 -1.35624e-07 -2.82693e-07
1.97898e-07 3.11645e-08 -2.42759e-07
-1.55466e-07 -2.82643e-07 1.98667e-08
1.62013e-07 -4.93501e-08 1.74436e-07
-3.70791e-09 2.58555e-07 -2.11185e-07
5.8616e-09 -2.70278e-07 -1.71731e-07
-4.38643e-08 -9.01127e-08 -2.02109e-07
2.79931e-07 9.12282e-08 -2.25463e-07
1.24452e-08 9.47506e-08 6.96445e-08
-7.19108e-08 -7.36618e-09 6.95807e-09
-5.09482e-08 -2.07619e-07 -6.95524e-08
1.13396e-07 -2.04998e-07 -2.11011e-07
-2.57499e-07 2.73167e-07 -1.74762e-07
-2.28228e-07 -2.14529e-07 9.31056e-08
8.87814e-08 6.54162e-08 1.03576e-07
8.67813e-08 -2.18306e-07 9.65493e-08
-2.43548e-07 8.69535e-08 6.90122e-08
-6.87909e-08 1.48086e-07 1.58109e-07
1.40196e-07 2.74258e-07 -1.02071e-07
-1.07221e-07 -1.04134e-07 9.73991e-08
-1.52234e-07 -1.67758e-07 1.88324e-08
-1.61911e-07 -9.83328e-08 -2.66388e-07
-2.05874e-07 -1.82604e-08 1.7701e-07
2.07722e-08 2.72686e-07 -2.28723e-07
-1.92817e-07 -1.87811e-07 1.27148e-07
1.26733e-08 -2.71373e-07 4.37915e-08
-1.477e-07 5.28845e-08 3.51414e-08
4.51113e-08 2.63664e-07 -2.21788e-07
-1.60244e-07 -1.64591e-07 8.18251e-08
1.31581e-07 -3.98592e-08 -2.36015e-07
-2.81756e-07 -2.02002e-07 -5.21987e-08
-2.84711e-09 -1.42425e-08 -2.43863e-07
9.92653e-08 1.16542e-07 -6.81052e-08
1.49318e-07 -2.8264e-07 -1.13194e-07
-3.66421e-08 9.23586e-08 -2.07532e-07
-2.77258e-07 2.61095e-07 1.19395e-07
-9.10499e-08 1.81832e-07 2.56147e-07
1.05954e-07 -8.32651e-08 2.71919e-07
7.17416e-09 1.60682e-07 -2.28613e-07
-4.85373e-08 -2.42919e-07 -1.07151e-07
1.24951e-07 -8.42881e-08 -1.773e-07
-2.032e-07 2.14524e-07 -1.15033e-07
-2.42975e-07 -1.89595e-07 -2.00831e-07
2.78031e-07 8.69314e-08 2.20004e-07
-1.15601e-07 1.78134e-07 -1.14182e-07
-2.17567e-07 2.74513e-07 1.18127e-07
2.84305e-07 1.62136e-07 8.35112e-08
2.35311e-07 1.21718e-07 8.18698e-09
-1.81264e-07 2.11297e-07 2.34742e-07
-8.3735e-08 1.86789e-07 1.31024e-07
-6.88366e-08 -7.44639e-08 -2.47864e-07
-1.78962e-07 -2.62172e-08 -4.61987e-08
-8.77019e-08 2.82499e-07 -1.46275e-07
1.70629e-07 2.77686e-07 1.14029e-07
1.42342e-07 -1.89818e-07 -2.30163e-07
1.66052e-07 -2.35291e-07 -2.78656e-07
-2.20976e-07 -5.69119e-09 -1.14566e-07
-1.84793e-07 1.53588e-07 3.3979e-08
-1.66976e-07 -2.74392e-07 2.55272e-07
-3.86132e-08 2.34773e-07 1.1767e-07
1.51262e-07 -2.04932e-07 -1.48003e-07
-1.17461e-07 7.49024e-08 -1.22251e-07
9.85845e-08 1.47912e-07 -1.10977e-08
1.60331e-07 1.11789e-07 8.83171e-08
-1.75959e-07 -4.27854e-08 9.74089e-08
2.13268e-07 1.4706e-07 -1.46579e-07
1.26878e-07 3.84421e-08 -1.25664e-07
-1.43836e-07 -9.36554e-08 -1.00314e-07
-4.20027e-08 -2.8535e-07 -2.56606e-07
7.09752e-08 -1.7202e-07 2.28573e-07
1.05026e-08 -2.12884e-07 5.37463e-08
2.10476e-07 1.59752e-07 3.17744e-08
1.80063e-07 2.04658e-08 -1.93299e-07
1.47499e-07 -2.9874e-08 -2.85586e-07
2.43078e-07 -2.36425e-07 5.13944e-08
-9.00926e-08 9.53793e-08 -9.14055e-08
1.40191e-07 2.79095e-07 1.60742e-07
-2.27093e-07 -1.15923e-07 6.40954e-11
2.51138e-07 1.7533e-07 -6.08503e-09
-5.43952e-08 -2.23308e-07 1.86396e-07
-1.71073e-07 -2.17671e-07 2.76108e-07
-1.99757e-08 1.64514e-07 -1.96542e-07
9.04295e-08 7.30176e-09 2.62609e-07
-1.32327e-07 -4.09298e-08 -7.67531e-08
2.50857e-07 2.20786e-07 2.77712e-07
1.06352e-07 2.53587e-07 -8.30787e-08
-3.02291e-09 -2.80429e-07 2.03129e-08
-3.26525e-08 1.11229e-07 -1.55487e-07
-8.74508e-08 -1.69168e-07 2.58493e-07
7.36131e-08 2.16054e-07 -1.03279e-07
-3.61103e-08 1.56297e-07 6.30745e-08
1.61006e-07 2.35692e-07 -2.48329e-07
-1.95402e-07 2.16298e-08 1.29952e-07
-2.9022e-08 2.84311e-07 1.72546e-07
1.66196e-07 1.55335e-07 -9.93872e-08
2.23344e-07 -1.72499e-08 1.9953e-07
2.84036e-07 -8.75614e-09 9.14506e-09
2.56192e-07 5.87259e-08 1.93923e-07
-1.45579e-07 -1.90828e-07 -1.80148e-07
-1.76223e-07 2.18471e-08 -8.30921e-08
5.12915e-08 -1.55309e-07 -8.41764e-08
9.84227e-08 2.33598e-07 -6.14082e-08
-1.71741e-08 -1.69857e-07 7.21484e-08
8.75537e-08 -5.19237e-09 6.60599e-08
9.25896e-08 -1.01615e-07 5.89711e-08
-2.34594e-07 1.63759e-08 -2.07987e-07
-8.43565e-08 1.55519e-07 -1.20716e-07
-4.89007e-08 -8.44779e-08 2.27897e-07
1.71688e-07 -1.89801e-07 1.42382e-07
1.05273e-07 -1.36273e-07 -1.85414e-07
-2.05339e-07 -1.80929e-07 -1.66874e-07
7.21134e-08 4.80333e-08 -9.27148e-08
-1.41108e-07 -2.84283e-07 1.16433e-07
-2.3039e-08 -1.49068e-07 2.03505e-08
1.79489e-07 -1.34703e-07 1.0282e-07
-1.36377e-07 -9.68776e-08 -2.45486e-07
2.12897e-07 5.30588e-08 2.41269e-07
-9.34583e-08 -1.02689e-08 -2.39026e-07
-2.06139e-07 -4.33676e-08 2.65678e-07
1.47455e-07 -1.99209e-08 2.82794e-07
1.63719e-07 -1.18578e-07 -3.48896e-08
-2.17831e-07 -2.72275e-07 -5.86311e-08
-4.54894e-08 -1.45897e-07 2.78281e-07
-2.25863e-07 -1.34362e-07 1.05574e-07
2.53648e-09 2.76266e-07 7.86663e-08
1.62106e-07 -2.63318e-07 -1.83692e-08
-1.06178e-07 7.15848e-09 2.40089e-08
1.20383e-07 1.68812e-07 -2.65682e-07
9.09939e-08 -2.57075e-07 -7.07769e-08
2.25464e-07 -5.46235e-08 1.76495e-07
2.30593e-07 -1.30182e-07 -3.12845e-08
2.01456e-07 9.0193e-08 -2.10948e-07
-1.19218e-07 -2.81927e-07 1.26492e-08
7.64273e-08 1.07104e-07 1.65106e-07
-5.95147e-09 -1.80323e-09 -2.63065e-07
-2.52468e-07 3.48782e-08 -1.17503e-07
-2.4786e-07 2.59015e-07 1.89056e-07
-3.91354e-08 2.08389e-07 8.84297e-09
-5.39951e-08 -1.55097e-07 -7.67093e-08
-2.68458e-07 2.44168e-07 2.83064e-07
2.2353e-07 -1.12297e-07 1.65832e-07
-2.09608e-07 4.25359e-08 -1.52733e-07
8.46577e-09 -1.27414e-08 -1.42092e-07
-2.69016e-07 -2.21995e-07 2.6834e-07
1.2622e-07 -2.4333e-07 9.64181e-09
2.61158e-07 1.8546e-08 -8.50695e-09
2.72977e-07 -1.24097e-07 1.26347e-07
-5.38648e-08 2.51246e-07 -1.12788e-07
2.36004e-07 -1.82065e-07 -6.06587e-08
-1.5775e-07 -3.79384e-08 -2.74459e-08
-1.31563e-07 -1.89076e-07 -5.21399e-08
-5.5297e-08 8.67523e-08 3.9782e-08
-9.06761e-08 1.29867e-07 9.90025e-08
1.67287e-07 -2.33842e-07 -3.19586e-08
6.02358e-08 -2.07716e-07 -1.56904e-07
-2.47416e-07 1.80746e-07 -2.03925e-07
-1.18047e-07 -1.0627e-07 1.19809e-07
-1.40558e-07 -2.50615e-07 -1.65574e-07
-4.71433e-08 -2.85494e-07 6.01459e-09
4.35403e-09 -1.87722e-07 -1.02422e-07
-5.70255e-08 3.83188e-08 2.64428e-08
1.45765e-07 -6.90198e-08 -9.13147e-08
5.79724e-08 1.27819e-07 -1.00544e-07
-1.04624e-07 -2.70992e-07 -2.41274e-07
2.08307e-07 -1.01857e-07 -4.59087e-08
2.09486e-07 9.33646e-08 1.27771e-07
1.954e-07 -2.32433e-07 1.41266e-07
-1.29585e-07 -5.32772e-08 -2.59964e-07
2.15968e-07 -1.02547e-07 3.96686e-08
1.643e-08 -1.28786e-07 1.64967e-07
-1.38573e-07 2.93996e-11 4.75521e-08
2.13247e-07 -2.40894e-07 -2.44923e-07
1.03429e-07 -1.7183e-07 1.30523e-07
-1.46982e-07 9.39974e-08 5.65641e-08
1.77132e-07 -1.07505e-07 1.45433e-07
1.45532e-07 2.23961e-07 -3.83413e-08
-2.28997e-07 -5.5748e-08 2.00898e-07
1.55399e-07 1.88743e-07 2.8254e-07
-6.99559e-08 2.40236e-07 5.79887e-08
-1.20258e-07 -1.50156e-07 1.06867e-08
-2.37045e-08 -9.34929e-10 2.25782e-07
1.55933e-07 -9.80578e-08 1.67702e-07
-6.52221e-09 1.68089e-09 -1.1198e-07
1.40685e-07 1.8858e-08 -3.54219e-08
-2.85664e-07 -2.28486e-07 -1.42541e-07
2.51192e-07 2.63084e-07 2.68667e-07
1.73312e-07 4.66847e-08 6.19402e-08
1.28345e-07 1.89637e-07 1.47251e-07
1.43217e-07 1.40471e-07 -7.04837e-10
-8.11964e-08 -6.94827e-08 2.52228e-07
-2.64166e-07 -1.3464e-08 -1.10431e-07
-2.5695e-07 -1.87255e-08 3.26878e-08
-2.5373e-07 2.00637e-07 -2.0198e-08
-2.04889e-07 1.39173e-07 -4.48016e-08
1.61759e-07 8.54965e-08 1.87579e-07
8.28309e-08 -1.49993e-07 1.323e-07
-1.65767e-07 1.96133e-07 -1.34066e-07
2.16118e-07 2.50398e-07 -1.72615e-07
-2.65934e-08 2.27711e-07 2.64434e-07
-2.04982e-07 -2.22088e-07 2.81423e-07
7.90089e-09 2.43507e-07 -1.77504e-07
-2.55023e-07 1.11973e-07 -1.07648e-07
-1.07912e-07 3.59614e-08 -2.39497e-07
-1.68871e-07 9.24986e-08 -1.2168e-07
1.06717e-07 -9.8033e-08 -5.33507e-08
1.02592e-07 2.7982e-07 1.081e-07
-7.32683e-08 -1.29116e-07 6.08794e-08
1.97718e-07 -2.82832e-07 7.26506e-08
2.63051e-07 -2.14028e-07 2.6778e-07
-1.44489e-07 -8.98953e-08 1.64674e-07
-6.02942e-09 8.24852e-09 2.14595e-07
8.88642e-08 -5.77562e-08 1.53496e-08
3.90708e-08 2.44483e-07 -1.37737e-08
1.46021e-07 -1.9664e-08 -1.03514e-08
2.48421e-07 -1.42193e-07 1.09854e-07
1.43369e-07 -1.33157e-08 1.40568e-08
-2.66517e-07 -2.78578e-07 -7.95396e-08
5.78462e-08 -5.07753e-08 -1.18745e-08
-5.27575e-09 -2.34984e-07 4.39333e-08
-5.35387e-08 -1.20364e-07 -1.27468e-08
1.97252e-07 -2.34385e-07 -2.25718e-07
2.34318e-07 -1.93064e-07 -1.26218e-07
4.77574e-08 -1.78699e-07 -1.96545e-07
1.81526e-07 2.38581e-07 -8.55387e-08
-1.7581e-07 1.43663e-07 -1.08654e-07
9.47538e-08 1.63749e-07 -1.56248e-07
-1.39469e-07 2.77751e-07 9.06164e-08
-2.34104e-07 7.66962e-08 -1.88944e-09
2.05507e-07 4.41088e-08 -2.0491e-07
2.01426e-08 -1.36306e-07 -2.53637e-08
2.02494e-07 1.35004e-07 -9.17919e-08
2.26443e-08 2.25882e-07 1.51813e-07
-8.0834e-08 -7.59721e-08 7.11388e-08
5.87497e-08 2.13097e-07 6.08278e-08
9.10521e-08 3.3663e-08 -3.3682e-08
1.25155e-07 -5.31619e-08 2.20382e-07
-2.34328e-07 -2.78777e-07 -2.00241e-07
-6.62713e-08 8.06685e-08 -1.28642e-07
2.47462e-07 -3.72441e-08 -3.19117e-08
1.92028e-07 6.76025e-08 2.17449e-07
-1.49306e-07 2.60377e-07 4.07893e-08
-3.72084e-09 -2.23216e-08 2.14846e-07
6.85795e-08 -6.40638e-08 -2.15759e-07
2.38295e-07 -1.51932e-07 -2.46455e-07
-2.31483e-07 -1.14329e-08 1.14274e-07
-2.47383e-07 -1.4517e-07 -1.71967e-08
2.43088e-07 -1.37775e-07 1.34539e-07
5.38393e-09 -8.71582e-09 2.30184e-07
-2.68083e-07 1.64111e-07 -2.12984e-07
2.06165e-07 -1.63587e-07 1.1769e-09
-1.51761e-07 1.72223e-08 -2.61146e-07
1.42369e-07 2.73107e-07 -2.45758e-07
-1.28166e-07 -1.34903e-07 1.35576e-07
-1.58998e-08 1.42015e-07 -4.74934e-08
-9.47316e-09 4.98326e-08 -2.17299e-07
-1.6883e-07 -1.02202e-07 -9.15358e-08
-2.01782e-07 -4.26422e-08 -2.50711e-07
2.0891e-07 1.36357e-07 1.43833e-07
2.85605e-08 7.44314e-08 6.02248e-08
8.65643e-08 -2.82049e-07 2.2664e-07
7.29882e-09 -2.60155e-07 -1.47329e-07
5.21828e-08 8.58228e-08 -6.30421e-08
2.54922e-07 -2.40784e-07 -2.3841e-07
1.49147e-08 1.42224e-09 1.05611e-07
-1.01165e-07 -2.67405e-07 -2.73532e-07
-2.22905e-07 2.373e-07 -1.62018e-07
1.28846e-07 -2.3271e-07 1.96521e-07
4.02205e-08 7.4198e-08 1.70441e-07
1.91399e-07 1.23361e-07 1.0292e-07
6.30618e-10 1.03463e-07 -2.60774e-07
-8.52015e-08 1.82452e-07 -1.21197e-07
-2.60591e-07 -1.06932e-07 2.44379e-07
1.66621e-07 -2.57027e-07 2.19401e-07
1.79704e-07 2.37489e-08 5.44339e-08
-2.28164e-07 2.46965e-07 -1.89831e-07
5.14156e-08 -1.42499e-07 -1.34391e-07
6.39767e-09 8.57371e-08 -3.51581e-08
-1.54575e-07 -1.35851e-07 2.86375e-08
-1.66888e-07 -1.30319e-07 -1.60908e-07
-2.22175e-08 2.45307e-07 -8.10787e-09
1.99894e-07 -2.39977e-07 -4.32995e-08
2.17951e-07 1.15202e-07 -1.04164e-07
-1.95704e-07 -7.13823e-08 -1.98872e-07
2.66778e-07 1.59606e-07 2.33758e-07
-9.69293e-08 -1.01983e-07 -2.71871e-07
1.72429e-07 1.51321e-07 4.85829e-08
2.20634e-07 -2.40464e-07 2.33777e-07
5.72703e-08 1.64269e-07 -2.82228e-07
2.60654e-07 2.01697e-07 4.36145e-08
-6.31373e-08 1.21691e-08 1.265e-07
-2.58753e-08 -9.19962e-08 -1.82427e-07
2.18589e-07 -5.92811e-08 -4.47406e-08
-2.31565e-07 -7.5325e-08 2.78691e-07
9.39965e-08 1.24521e-07 2.38579e-07
-4.25388e-08 -6.11072e-09 -2.77867e-07
2.58097e-07 -1.19171e-08 1.6958e-07
2.50317e-07 2.75439e-07 -1.71463e-07
-4.75901e-08 -3.59379e-08 -5.00789e-08
-2.69169e-07 1.59071e-07 -1.44609e-07
5.89546e-08 -2.65463e-07 -2.81139e-07
2.44287e-07 -1.76255e-07 -2.25506e-07
5.30029e-08 1.81301e-07 -2.48628e-08
1.45538e-07 6.98472e-08 2.62439e-07
-8.57638e-08 -2.37761e-07 -2.81647e-07
-2.84498e-07 -1.59908e-07 2.71404e-07
-1.94002e-07 2.25817e-08 -7.00072e-08
-2.73363e-07 -4.62708e-09 -2.09411e-07
2.41474e-07 -1.16271e-07 1.06573e-07
1.29368e-07 -1.38615e-08 8.71238e-08
-6.46412e-09 5.99168e-08 6.67746e-08
9.38658e-08 2.50801e-07 2.02326e-07
-1.59111e-07 -1.91278e-07 2.12718e-07
-8.24899e-08 1.34808e-07 4.96388e-08
-1.64364e-07 1.36532e-07 2.23701e-07
-3.9608e-09 5.01853e-08 -1.66029e-07
-1.73895e-07 2.47894e-07 -2.69152e-07
2.78306e-07 2.07475e-07 1.97382e-07
-6.46295e-08 -1.95817e-07 5.55421e-08
1.17672e-07 -1.64838e-07 -2.43355e-07
-1.96741e-07 -2.39778e-07 -5.45822e-08
-1.94423e-07 -1.07809e-07 1.45139e-07
-1.3518e-07 -1.60361e-08 1.13802e-07
-2.85819e-07 -2.51259e-07 1.12773e-07
-2.116e-07 -2.81066e-07 2.82776e-07
2.71409e-07 -2.15869e-07 1.38902e-07
1.07094e-07 2.09758e-07 -1.14589e-07
2.10469e-07 2.82051e-07 -4.17252e-08
3.78759e-08 -1.85645e-07 -1.60573e-07
9.64236e-08 -6.3204e-08 1.99904e-07
-2.59667e-07 -1.42414e-07 -1.75224e-07
2.78649e-07 2.47036e-07 7.1604e-09
-1.42114e-08 2.41979e-07 -2.73132e-07
2.33882e-07 2.52032e-07 2.05468e-07
1.05448e-07 -1.84682e-07 7.77607e-08
-2.26505e-07 -2.26568e-08 -2.62668e-07
-1.9847e-07 1.93447e-07 -2.80235e-07
2.7465e-07 -1.09528e-07 -2.58076e-07
1.24353e-07 2.01381e-07 4.99125e-08
-3.05485e-08 -2.07568e-07 2.27593e-07
-1.78955e-07 -5.78743e-08 1.98181e-07
1.31359e-07 -3.2099e-08 2.35878e-07
2.37643e-07 1.79634e-07 1.68217e-07
-1.22812e-07 1.19368e-07 -1.36445e-07
-2.21743e-07 1.60426e-08 -1.44156e-07
1.78148e-07 -2.50301e-07 -6.40711e-08
1.12563e-07 -2.24517e-07 -1.88489e-07
2.08242e-07 -2.35619e-07 3.5935e-08
7.30469e-08 -2.3772e-07 -9.68405e-08
-2.94316e-08 -2.2062e-07 1.44853e-07
1.12683e-07 -2.41605e-08 -1.14825e-07
-6.97586e-08 -7.6994e-08 -1.91646e-07
-2.29726e-08 -2.36917e-07 1.9064e-07
-8.90419e-08 -1.6956e-07 -2.95263e-08
-1.58121e-07 1.60316e-07 5.98629e-08
1.20761e-07 -2.74833e-07 -2.11623e-07
2.41172e-07 1.49774e-07 -2.64511e-07
-4.58963e-08 -2.68717e-07 -7.39252e-08
3.21164e-08 -1.60493e-07 1.32634e-07
-1.00432e-09 -1.34238e-07 2.57824e-07
-1.89525e-07 2.37308e-07 -9.82778e-08
-1.87776e-07 -1.98692e-07 -1.88733e-07
2.78862e-08 1.03259e-07 2.27782e-07
1.22608e-07 3.84351e-08 4.88816e-09
3.18408e-08 -2.38645e-07 8.38606e-08
1.07603e-07 2.60824e-08 -2.0927e-07
1.64238e-07 -1.97923e-07 -1.70423e-07
-2.59928e-08 -1.00669e-07 1.75968e-07
-2.84482e-07 1.3212e-09 2.23895e-08
-6.46235e-08 7.51374e-08 -1.24651e-08
-3.69101e-08 -5.06355e-08 3.82743e-08
-2.04995e-08 1.44952e-08 1.00333e-07
1.37293e-07 -1.9915e-08 1.54488e-07
-7.49131e-08 1.69287e-07 -8.06221e-08
9.48892e-08 1.82662e-07 -1.41372e-07
1.79127e-07 -1.38957e-07 2.42982e-07
-8.57013e-08 7.2795e-08 2.29893e-07
-7.02571e-08 -2.0809e-07 -2.3767e-07
5.01531e-08 -1.26774e-07 -7.78031e-08
4.71669e-08 6.5481e-09 -1.92263e-07
1.68371e-07 2.84518e-07 1.74518e-07
-1.10808e-07 1.56388e-07 -1.04998e-07
-2.7091e-08 -9.25759e-08 -2.71627e-07
1.88908e-07 2.82843e-07 -1.39155e-07
2.59674e-07 -5.31158e-08 -1.16083e-07
-1.66287e-07 -2.6865e-07 1.3035e-07
-2.04653e-07 -7.11679e-08 8.42113e-08
-2.61562e-07 3.2476e-08 2.01292e-07
1.70433e-07 -1.98791e-07 -2.14827e-07
8.66756e-09 2.66585e-07 2.33301e-07
2.63287e-07 -5.85178e-08 -2.69567e-07
-2.49951e-07 -2.01006e-07 -9.1705e-08
2.27132e-07 2.70759e-07 5.02518e-08
-1.39629e-07 -1.22246e-07 -2.23553e-07
-1.55756e-07 1.79584e-07 2.70994e-07
-5.85387e-08 1.72371e-07 8.17257e-08
-1.33505e-08 -1.99175e-07 -4.08328e-08
2.65197e-07 1.29115e-07 -1.98889e-08
-1.97571e-07 1.20617e-07 1.77776e-07
2.91508e-09 9.6223e-08 2.15994e-07
-2.12985e-07 4.05519e-08 1.66927e-07
2.56519e-07 -2.44515e-07 -6.57241e-08
2.34339e-07 1.50262e-07 -2.25341e-07
1.02041e-07 -2.13534e-07 -1.38578e-07
-7.03185e-08 -2.52132e-07 1.03712e-07
-2.25353e-07 -1.76937e-07 3.61586e-08
-9.21017e-08 -3.09249e-08 1.78731e-07
7.65414e-08 -2.33798e-07 1.85123e-07
2.6674e-07 4.61001e-08 1.34994e-07
4.36865e-08 -1.51691e-08 1.24999e-07
9.51e-08 -2.18489e-08 -1.93537e-07
-1.44818e-07 2.18264e-07 1.47604e-07
2.19084e-07 6.35728e-08 3.23553e-08
-1.88637e-07 -7.18482e-09 -1.59903e-07
1.25477e-07 -7.63255e-08 -2.2856e-07
6.66211e-08 1.10104e-07 -2.36759e-07
7.47779e-08 -1.05851e-07 -2.58665e-07
-2.11786e-07 -2.10731e-07 1.23558e-07
-5.58107e-08 -2.4261e-07 -1.55022e-07
-2.77149e-07 -1.10203e-07 1.43792e-07
-1.17245e-08 2.44483e-07 -1.45412e-07
-1.31131e-07 2.10284e-07 -2.85755e-07
1.57289e-08 -2.62343e-07 1.15228e-07
-5.66998e-08 -2.05689e-07 2.28403e-07
-6.80554e-08 2.00355e-07 7.75683e-08
2.43139e-07 -2.05951e-08 7.12941e-08
-1.16266e-07 1.33172e-07 2.82214e-07
1.26316e-07 -2.20639e-07 -4.53694e-08
-2.3375e-07 2.38096e-07 -2.55157e-07
-2.07306e-07 2.62952e-07 5.89173e-08
1.08439e-07 -1.39037e-07 2.3081e-07
1.87205e-07 -1.71701e-07 2.11522e-07
-8.92648e-08 -2.4292e-07 2.37082e-07
1.3978e-07 -1.02143e-07 1.37756e-07
2.83009e-07 7.63791e-08 1.3342e-07
-9.38129e-08 -3.57037e-08 -2.80943e-07
-8.91261e-08 -1.65013e-07 1.75855e-07
1.81385e-07 1.48277e-07 1.19144e-07
8.57106e-08 1.14692e-07 -2.68668e-08
1.18088e-07 -2.47948e-07 -2.55593e-08
-1.52072e-07 -2.46927e-08 9.82927e-08
1.99355e-07 8.66402e-09 -8.96926e-08
-1.70677e-07 1.20184e-07 1.71638e-07
-6.23061e-08 1.4801e-07 8.00008e-08
-9.54206e-08 -5.44996e-08 9.5175e-08
7.96942e-08 2.73088e-07 2.73715e-07
-9.5453e-08 -2.21782e-07 7.08682e-08
-2.68001e-07 2.19801e-07 -7.97858e-08
4.55482e-08 -4.41663e-08 -1.15073e-07
-1.43666e-07 -2.69968e-07 2.08287e-07
-2.53268e-07 2.236e-07 -2.33151e-07
-1.68196e-07 1.79492e-07 8.75168e-08
1.79114e-07 1.9846e-07 -4.6009e-08
-8.933e-08 -1.69045e-07 -9.62075e-08
-4.61806e-09 9.95032e-08 1.63952e-07
1.54723e-07 -7.65199e-08 2.42066e-07
-6.13174e-08 -1.23928e-07 8.63188e-08
-5.96486e-08 2.15698e-07 -2.0679e-07
8.68375e-08 1.06551e-07 1.87092e-07
-8.56651e-08 1.30921e-07 2.59823e-08
2.84862e-08 1.28084e-07 1.56411e-07
-6.59375e-09 1.55486e-07 -2.63197e-07
-2.28494e-08 1.52831e-07 1.19896e-07
2.7105e-07 -1.3915e-07 -2.83511e-07
-2.30061e-07 2.83351e-07 -7.16104e-08
-7.03329e-08 -1.24756e-07 3.42384e-08
-7.11542e-08 2.40707e-07 3.37451e-08
-1.58762e-07 2.96022e-08 -3.89979e-08
4.84519e-08 1.32984e-08 1.21337e-07
-9.24374e-09 1.81206e-07 -2.40371e-07
-5.49821e-08 -1.06845e-08 8.52077e-08
2.17012e-07 1.68247e-07 2.1693e-07
-8.05618e-08 1.87888e-07 2.6755e-08
-1.28003e-07 -8.43675e-08 1.24569e-07
5.45437e-08 1.06667e-07 -2.55292e-07
-1.64684e-07 -2.45696e-07 -7.6785e-08
2.34434e-07 -1.0041e-07 1.97456e-07
1.4751e-07 6.74179e-09 1.5917e-07
-8.23051e-08 -2.66237e-07 1.72091e-07
2.51936e-07 2.19416e-07 -1.09499e-07
1.50807e-07 1.33658e-07 1.64445e-07
-4.89639e-08 -3.71925e-08 2.62354e-07
1.67863e-07 1.94722e-07 2.32583e-07
1.66535e-07 -2.23931e-07 -2.04197e-07
1.43158e-07 5.05107e-08 -1.3787e-07
2.16139e-07 1.36609e-07 3.72357e-08
-1.84597e-07 -8.83627e-08 -1.0888e-08
2.58664e-07 2.44798e-07 -2.21115e-08
-1.37954e-07 1.25286e-07 3.46485e-08
-2.8309e-07 2.23009e-07 2.49621e-07
-2.53114e-07 -1.60696e-07 -8.45812e-08
-2.62642e-07 -8.61877e-08 1.6515e-08
1.34625e-07 1.4349e-07 -7.58454e-08
-2.6609e-07 2.84732e-07 -1.52122e-07
-3.54836e-08 5.60824e-08 6.60485e-08
5.00489e-08 -2.76807e-07 -1.01249e-07
-1.22932e-07 6.38311e-08 -1.9404e-07
-3.76172e-08 1.32394e-07 1.60595e-07
2.57669e-07 2.02509e-07 2.10722e-07
-1.13692e-07 3.80025e-08 -1.24327e-07
2.43273e-07 2.24677e-07 8.88522e-08
2.03984e-07 2.75478e-07 -2.64093e-07
9.64601e-08 -6.51719e-08 1.19222e-07
2.36439e-07 1.1576e-09 2.2637e-07
-4.1556e-08 6.28882e-08 -2.18219e-07
4.7001e-08 1.09411e-07 -2.76647e-08
-2.75987e-07 -1.0864e-08 -1.65334e-07
8.14566e-08 -1.11993e-07 -1.89199e-07
2.50963e-07 1.08434e-07 -2.44227e-07
-3.12864e-08 2.68386e-07 2.36818e-07
2.79696e-07 1.4146e-07 -7.64346e-08
-2.00561e-07 -1.97114e-07 -2.77154e-07
-1.71681e-07 -3.84812e-08 2.15955e-07
-1.73418e-07 2.06923e-07 1.12841e-07
3.57086e-08 -8.25309e-08 -9.35399e-08
2.29176e-07 2.66247e-07 7.28436e-08
1.49627e-07 -7.53444e-08 2.7569e-07
-2.20619e-07 2.26229e-07 -2.10188e-07
1.00635e-07 -7.51823e-08 -8.42946e-09
-2.41625e-07 2.26613e-08 -1.62065e-07
-5.50435e-08 2.56337e-07 -6.90999e-10
-1.36572e-08 -1.47611e-07 1.46442e-07
-2.76596e-07 -1.53474e-07 -1.16016e-07
1.43165e-07 -2.84065e-07 -8.02453e-08
9.81368e-08 -1.50768e-07 5.0883e-08
1.49915e-07 1.24358e-07 1.19004e-07
6.37216e-08 5.72974e-08 1.35711e-07
1.85746e-07 1.02533e-07 9.23058e-09
2.30306e-07 7.05839e-08 -2.44253e-07
1.27432e-07 -2.06142e-07 4.12789e-08
6.45028e-08 -2.84042e-07 1.21356e-07
-1.47891e-07 2.12222e-08 -2.36168e-07
1.14561e-07 1.56462e-08 1.86202e-07
1.46098e-07 -1.37906e-07 -1.94927e-07
1.48106e-07 -2.78789e-07 -2.14584e-07
1.86367e-07 -1.68943e-07 -2.66166e-07
-9.53745e-08 2.08625e-07 1.9855e-07
1.9987e-07 3.96788e-08 9.6111e-08
-1.63807e-08 -1.05282e-07 2.20717e-07
4.86593e-09 2.09925e-07 -2.36934e-07
1.30253e-07 -2.59259e-07 2.4486e-07
-1.18589e-07 2.57411e-07 -9.61054e-08
-2.40636e-07 -2.79474e-07 2.35521e-07
1.29961e-07 -6.7053e-08 2.62823e-07
-2.76975e-07 1.07894e-07 3.02133e-08
2.63495e-07 1.80278e-07 1.65654e-07
2.34944e-08 -1.9354e-07 6.01295e-08
-3.32716e-08 1.29859e-07 -7.50263e-08
-2.31568e-07 -5.13544e-08 -2.51893e-07
2.74756e-07 1.56122e-07 -3.53515e-08
1.42295e-07 -2.27908e-07 1.36865e-08
-2.08494e-08 7.88817e-08 -5.96335e-08
2.7757e-07 4.04341e-08 -1.20902e-07
-8.08554e-08 9.15506e-08 -2.34068e-07
2.38729e-07 -7.96983e-08 -4.73858e-08
-1.97878e-07 9.19239e-08 -2.11965e-07
-1.55976e-07 -2.43597e-07 2.77024e-07
2.6691e-08 2.37996e-08 -1.28135e-07
-2.78225e-07 1.71606e-07 4.47935e-08
2.56028e-07 2.31188e-07 -1.37954e-07
4.92046e-08 2.48061e-07 1.65646e-08
-9.40766e-08 -1.25041e-07 2.27479e-07
2.32607e-07 -8.73549e-09 1.60931e-07
-2.63086e-07 -2.72381e-07 -1.33127e-07
4.21723e-09 1.49123e-07 1.79942e-08
2.38618e-07 -2.71154e-07 -1.42639e-07
-1.78785e-07 -2.69532e-07 3.60414e-08
-1.75962e-07 1.70992e-07 2.20034e-07
-1.75666e-07 1.64415e-07 -2.18719e-07
-8.07879e-08 -1.96972e-07 -2.84872e-07
2.75321e-09 -1.99441e-07 -1.24561e-07
3.65114e-08 1.25045e-07 -2.60795e-07
-8.68227e-08 -2.78736e-07 -2.28368e-07
4.18447e-08 6.61111e-08 -2.53969e-07
-2.2245e-07 1.86321e-08 -1.04787e-07
-4.36255e-08 5.94128e-08 2.70187e-07
-9.7093e-08 -1.11294e-07 -1.7485e-07
1.85114e-07 -4.04623e-08 4.58672e-08
1.7906e-07 2.16491e-07 1.98106e-07
-1.23761e-07 -2.78304e-07 1.88602e-07
-1.08751e-07 -1.8683e-07 2.54522e-07
1.04949e-07 1.38693e-07 3.36217e-08
2.35824e-07 1.16132e-08 -6.67246e-08
-2.26918e-07 4.8477e-08 4.19109e-08
-1.08253e-07 2.2399e-07 2.38416e-07
-5.76884e-08 1.58852e-07 -1.30474e-07
1.66351e-07 -5.04728e-08 2.55196e-07
-1.35453e-07 2.21319e-07 4.71635e-08
-9.38566e-08 -1.15114e-07 1.51851e-07
1.11416e-07 2.05232e-07 1.14053e-07
-1.0855e-07 -1.53683e-07 1.51613e-07
2.32989e-07 -2.07974e-07 5.48298e-08
-2.70082e-07 -1.5921e-07 2.31019e-07
2.07063e-07 -1.84873e-07 2.82206e-07
-2.30784e-07 1.38522e-07 4.31213e-08
-2.51773e-07 -7.92095e-08 -4.60857e-08
-1.66786e-07 1.64829e-07 -2.7341e-07
-2.64145e-07 -3.59014e-08 2.26516e-07
9.93135e-08 -6.16565e-08 -2.41589e-07
-2.18168e-07 2.76534e-08 -6.48688e-08
5.94401e-08 -1.36916e-07 1.1439e-07
4.41602e-08 -4.17434e-08 -2.23928e-07
-2.51131e-07 2.14834e-07 -6.20559e-08
7.8804e-08 2.37259e-07 -1.71205e-07
1.06734e-07 2.67127e-08 1.32883e-07
-8.58902e-08 -2.7365e-07 -3.6068e-08
-2.46602e-07 1.60618e-07 -1.04412e-07
2.39692e-07 1.44261e-07 7.56764e-08
-1.14297e-07 -6.06277e-08 2.28169e-07
4.641e-08 -7.1998e-10 -1.13239e-07
-2.14202e-07 9.2973e-09 1.25148e-07
-1.68053e-07 1.33954e-07 -1.52654e-07
7.52694e-08 -6.17627e-08 1.1278e-07
-7.64588e-08 -2.56094e-07 -1.97053e-07
2.46702e-07 -1.969e-07 1.30171e-07
-2.5966e-07 3.43037e-08 2.23943e-07
1.64167e-07 -6.39543e-08 1.48489e-07
-7.09302e-08 -2.01605e-07 -1.52421e-07
1.6269e-07 3.11831e-08 -2.82666e-07
-2.37831e-07 1.80379e-07 -1.35217e-07
1.22388e-07 -1.02778e-07 -2.45258e-07
-2.35643e-07 -2.10208e-07 1.34023e-07
-7.70144e-08 9.53163e-09 -1.81606e-07
-3.94102e-08 1.87583e-07 -1.72787e-09
2.08323e-07 3.7939e-08 5.01576e-08
-7.00139e-09 2.03534e-07 6.56924e-08
-1.48784e-07 1.44318e-07 -2.25734e-07
1.19675e-07 9.46947e-08 -1.96414e-07
2.84029e-07 -6.20954e-08 1.98597e-07
-2.72245e-07 2.22579e-08 -2.55662e-07
-9.16313e-09 1.91154e-07 1.78389e-07
7.81847e-08 1.36e-07 7.0751e-08
-3.07315e-08 2.57071e-07 -7.59319e-08
-1.24477e-07 2.54249e-07 -1.85907e-07
-6.16981e-08 8.73323e-08 2.74896e-07
2.8161e-08 5.36365e-08 8.49418e-08
-2.55466e-07 -2.1932e-07 3.63784e-09
-1.87682e-08 1.20916e-07 5.15751e-08
-1.86277e-07 -2.61653e-07 1.72473e-07
4.88874e-08 1.39652e-07 -2.42546e-07
1.3827e-07 1.8292e-07 -2.08376e-08
-2.69579e-07 3.27227e-08 6.23272e-08
8.81042e-08 2.06005e-07 2.00978e-07
5.3854e-08 2.10969e-07 -8.32541e-08
-2.92772e-08 -1.8513e-07 1.47555e-07
-8.08034e-08 -1.29772e-07 -1.32039e-07
2.79765e-07 -1.18083e-07 1.05619e-08
-3.40274e-08 -1.21934e-07 -2.07457e-07
-4.65016e-08 -8.85934e-08 1.84847e-07
3.87235e-08 2.05607e-07 1.75294e-07
2.95519e-08 -2.29955e-07 -2.67803e-08
1.77765e-07 -4.30127e-08 -2.00416e-07
-1.7566e-07 -9.60111e-08 -1.34043e-07
1.70267e-07 4.6259e-08 2.7335e-07
5.17391e-08 -6.36742e-08 2.3581e-07
-1.14813e-07 -1.82511e-07 1.72309e-07
-8.47477e-09 1.45173e-07 -1.20563e-07
3.9777e-08 2.29198e-07 2.30195e-07
2.07634e-07 -6.45569e-08 -2.76354e-07
1.58042e-07 -1.95961e-07 -9.34238e-08
-8.44188e-08 1.37911e-08 7.33963e-08
1.85112e-07 -1.44811e-07 7.3693e-08
-3.34024e-08 -1.22319e-07 -2.54749e-07
-6.1301e-09 -2.78496e-07 -1.22508e-07
-1.34594e-07 2.31756e-07 -2.277e-07
3.5738e-08 1.73668e-07 -2.12025e-07
-1.14626e-08 2.79578e-07 -1.21301e-07
1.25293e-07 -1.25952e-07 -2.56369e-08
-1.96375e-07 -1.72689e-08 1.42512e-07
1.26043e-07 2.11833e-07 -2.97551e-08
1.45842e-07 8.38805e-08 -2.11236e-07
-1.3484e-07 -1.52508e-07 8.91232e-08
1.68656e-07 -5.13713e-08 6.7415e-08
-2.14966e-07 2.56939e-07 -4.77964e-08
9.09279e-08 -1.83986e-07 2.41987e-08
1.55543e-07 9.43393e-08 2.552e-07
9.1687e-08 -2.3216e-07 -1.12506e-07
9.69291e-08 1.77137e-07 2.54729e-07
2.6295e-07 1.26969e-07 1.8205e-07
1.71108e-07 7.96382e-09 -1.11885e-07
-5.60207e-08 2.28784e-07 1.35213e-07
2.79686e-07 2.89729e-08 -5.61336e-08
-2.00884e-07 7.38022e-08 1.06186e-07
-2.15681e-08 1.08188e-07 -2.47829e-07
8.50929e-08 2.326e-07 -2.40978e-07
-2.28067e-07 7.68913e-08 -1.9876e-07
-3.29364e-08 1.80368e-07 9.47073e-08
2.58286e-07 -8.03571e-08 -3.16018e-08
4.68714e-08 2.79849e-07 2.27961e-07
7.04104e-08 -1.53963e-08 1.3216e-07
-2.15626e-07 7.19538e-10 -3.83502e-08
9.1541e-08 1.62478e-08 -1.53771e-07
-1.63887e-07 1.97051e-07 2.0074e-07
2.26427e-07 -2.53205e-07 -1.24743e-07
-2.06983e-07 -1.44202e-07 -2.53981e-07
-2.51831e-07 1.52421e-07 2.72693e-07
-1.94719e-07 5.24916e-08 -2.45904e-07
2.50343e-07 -1.23165e-08 -1.88214e-07
-1.84978e-08 -1.51296e-08 -1.04139e-07
-1.63843e-07 -1.32799e-07 1.00178e-07
1.26597e-08 9.80696e-08 2.50137e-07
1.40451e-07 1.05336e-07 2.24843e-07
-1.59528e-08 -1.43922e-07 -2.65153e-07
-1.06383e-07 1.00593e-08 -9.64757e-08
-2.10782e-07 -1.06539e-07 -8.21349e-08
-2.74223e-07 -6.56534e-08 -1.10914e-07
1.28957e-07 -1.48885e-07 -8.00258e-08
2.21668e-07 5.52705e-08 -1.38126e-07
-1.31497e-07 2.81699e-07 -1.12327e-07
1.11045e-07 1.66584e-07 1.82076e-07
-1.61529e-07 -1.49298e-07 -2.02883e-07
-1.03282e-07 -2.11146e-07 -1.44073e-07
4.74542e-08 -1.79899e-07 -2.23652e-07
-2.84459e-07 -2.09225e-07 1.50098e-07
-3.02452e-08 2.71848e-07 2.11149e-07
-2.75717e-07 2.38585e-07 1.43605e-07
-2.10198e-07 2.03107e-07 -9.06503e-09
1.14803e-07 -1.50281e-07 3.128e-08
6.32584e-08 -1.56608e-07 7.95952e-08
2.71458e-08 -8.55082e-08 -1.58344e-07
-2.03823e-07 -1.70717e-07 3.33393e-08
-4.52941e-08 -2.40495e-07 -1.89349e-07
-1.51603e-07 1.05573e-08 1.57475e-07
-1.35702e-07 1.7372e-07 1.80064e-08
1.84325e-07 8.87946e-08 1.85314e-07
1.58275e-07 -1.89559e-07 -9.02876e-10
2.00311e-07 -7.86336e-08 1.80401e-07
1.6107e-07 1.45073e-07 -7.29563e-08
-1.14399e-07 -5.71659e-08 -6.28663e-09
-2.32159e-07 -1.65772e-07 1.19954e-07
2.47845e-07 2.29788e-07 -1.63419e-07
1.53072e-08 -3.8229e-08 -1.98766e-07
-1.17685e-07 1.25255e-07 -2.65557e-07
-6.74221e-08 -2.10687e-07 1.37771e-07
-2.59e-07 -1.83189e-07 2.55861e-07
3.87856e-08 7.01406e-09 1.58669e-07
5.74491e-08 2.07354e-07 1.98478e-07
-1.78334e-07 1.79834e-07 2.73767e-07
-2.29208e-07 1.55141e-07 1.1974e-07
-8.28324e-08 -2.11903e-07 2.14273e-07
-1.03137e-07 -1.93177e-07 -2.53638e-07
7.77754e-08 -2.55246e-07 -1.44471e-07
1.97288e-07 4.61434e-08 -4.83962e-09
-2.50387e-07 -9.32731e-08 5.83501e-08
2.68968e-07 -1.61559e-07 2.39983e-07
2.01261e-07 -2.97851e-08 -8.50757e-08
-2.36116e-07 1.34375e-07 1.7465e-09
2.19791e-07 2.19363e-07 -1.59091e-08
-2.02443e-07 7.60727e-08 2.40466e-07
-2.34237e-07 -1.48582e-08 2.57291e-07
1.63143e-07 2.46336e-07 -1.85899e-07
-1.08681e-07 9.38442e-08 1.56661e-07
1.77848e-08 2.35351e-07 2.50557e-07
6.40307e-08 -1.72031e-07 1.06808e-07
-1.37879e-07 -2.75737e-07 -2.4009e-07
2.34991e-07 1.51863e-08 1.88173e-07
-1.03159e-07 -1.72502e-07 -6.24127e-08
-1.14096e-07 -2.3693e-09 1.93204e-07
-1.29865e-07 -2.17272e-07 -9.33013e-08
6.37672e-08 -1.8398e-07 2.08184e-07
-2.52996e-07 -1.15702e-07 8.64047e-08
2.81225e-07 2.59369e-07 5.81199e-08
1.35697e-08 -5.22504e-08 -9.1861e-08
-1.86332e-07 -1.91799e-07 -9.0595e-08
-2.5138e-07 -2.09933e-07 -2.80732e-07
-2.78306e-07 7.61227e-08 -2.73394e-07
-2.01629e-07 7.46717e-08 -8.7225e-08
2.62254e-07 -1.07854e-07 -6.18649e-08
2.31002e-07 1.97282e-07 -1.50382e-07
-6.66116e-10 -1.49784e-07 -2.28893e-07
2.61072e-07 -2.68753e-07 1.35981e-07
-1.83203e-07 -1.50459e-07 -6.7903e-08
-1.25135e-07 4.66205e-08 -1.75209e-07
9.23103e-08 2.6684e-07 1.68726e-07
-1.60292e-07 -1.91899e-07 -2.89554e-08
-2.16821e-07 1.47277e-07 -2.11103e-07
-2.72487e-07 2.76855e-07 -2.13693e-07
-3.72932e-08 -1.99614e-07 -1.46278e-07
-2.77379e-07 -2.53234e-07 -1.82135e-07
-9.04565e-08 -2.62413e-07 -1.80602e-07
-1.97783e-07 1.9336e-07 4.46772e-08
-1.22291e-07 1.6034e-07 7.9371e-08
-1.42639e-07 -8.1943e-08 -4.79912e-08
2.53263e-07 1.84373e-07 -2.81835e-07
-1.74254e-07 6.0553e-08 -2.57525e-07
-1.95569e-07 -2.56323e-07 7.02407e-09
2.31538e-07 2.33644e-08 -2.10682e-07
1.70768e-07 -3.51375e-08 -1.79598e-07
3.03732e-08 -1.92275e-07 -4.46041e-08
-1.70775e-07 2.24911e-07 1.73396e-07
-7.45886e-08 -1.11597e-07 -2.7355e-07
-1.02288e-07 2.26988e-07 -7.72297e-08
-5.65033e-08 2.05483e-07 1.38714e-07
-4.04053e-08 7.81769e-08 -1.12574e-07
-2.72648e-07 -5.24182e-08 -2.8161e-07
-2.79841e-07 -7.35112e-08 1.47883e-07
2.60942e-07 9.11393e-09 2.68335e-08
-8.30596e-08 2.09789e-07 -3.82178e-08
-2.10379e-07 -1.10625e-07 1.19819e-07
-1.87367e-07 -2.71593e-07 -1.38787e-07
1.74968e-07 -3.12534e-08 2.82852e-08
-1.21016e-07 -1.16663e-07 1.70665e-07
1.45011e-07 -1.94516e-07 1.6573e-07
1.74457e-07 -1.3205e-07 -1.15612e-07
5.19074e-08 -2.76178e-07 -1.63744e-09
2.74972e-07 2.22547e-07 -2.11166e-07
-2.51191e-07 -1.28668e-07 -6.74056e-08
-6.27375e-08 6.95565e-08 -1.79274e-07
-2.76808e-07 1.21441e-07 7.06002e-08
-1.96089e-07 -1.28331e-07 3.03218e-08
-1.66123e-07 -1.90372e-07 -2.07553e-07
2.73885e-07 -2.62345e-08 1.98402e-07
1.31624e-07 -2.59538e-07 5.00988e-08
-1.10225e-07 -2.51746e-09 1.03345e-07
7.20816e-08 -3.47282e-08 -2.07675e-07
-2.95629e-08 -2.50533e-07 -1.5364e-08
2.82666e-07 -1.92925e-07 4.39851e-08
-2.54116e-07 1.37002e-07 8.40271e-08
-5.13261e-08 -3.201e-08 -8.73577e-08
-1.25853e-08 1.6493e-07 1.85116e-07
-2.6764e-07 1.55564e-07 1.2277e-07
1.22332e-07 1.66563e-07 2.16767e-08
2.55006e-09 2.24211e-07 1.02583e-07
2.82257e-07 1.75498e-07 2.6162e-07
-1.53554e-07 1.51031e-07 -1.4414e-07
-2.52508e-07 -5.16524e-08 1.75021e-07
7.50855e-08 -2.23846e-07 5.91182e-08
-1.3559e-07 -1.42934e-07 4.02999e-08
-1.16045e-07 8.1812e-08 8.50621e-08
2.16548e-07 -1.68248e-08 -1.33657e-07
1.85136e-07 2.31254e-07 -2.25293e-07
-1.3766e-07 -1.34608e-07 2.04814e-07
3.78466e-08 -7.43981e-08 -2.05633e-07
-9.00492e-08 2.78744e-07 1.33383e-07
2.00203e-07 1.079e-07 -8.8988e-08
-1.70047e-07 -4.91215e-08 -2.59432e-07
-2.52922e-07 -1.86426e-07 3.993e-08
1.34632e-07 2.18746e-07 -2.60937e-07
-9.25943e-09 -9.82506e-08 4.78546e-08
2.55255e-07 1.48505e-07 -2.31944e-07
2.24679e-07 2.60751e-07 1.4285e-07
-2.85912e-07 2.48275e-07 5.87022e-08
1.50864e-07 -6.6098e-08 -2.46312e-07
2.24829e-08 -1.4558e-07 -2.79797e-07
2.11192e-07 1.68694e-07 1.05196e-07
1.29396e-07 2.18643e-07 3.27083e-08
-2.1759e-07 7.1502e-08 -2.42885e-07
1.40056e-07 2.43092e-07 -1.46453e-08
1.01989e-07 2.74753e-07 1.93827e-07
-1.45068e-07 9.78439e-08 2.19495e-07
2.09944e-08 9.4405e-08 -2.65119e-07
-3.44228e-08 2.75643e-08 3.65188e-08
-1.8906e-07 4.97301e-08 -1.66653e-07
1.10915e-07 -7.15649e-08 4.97631e-08
-1.22936e-07 1.14754e-07 -6.48679e-08
-2.80272e-07 -8.54846e-08 8.57495e-08
1.62114e-07 -3.74891e-08 1.216e-07
-1.80844e-09 1.56408e-07 8.01903e-08
-1.45161e-07 2.69246e-07 -1.5453e-07
1.55246e-07 5.86919e-08 2.02677e-07
-1.84013e-07 1.11094e-07 3.81991e-09
-1.71486e-07 -1.38038e-07 -2.61947e-07
1.95768e-07 -7.85489e-08 2.13189e-07
2.54961e-07 2.69175e-07 5.47634e-08
7.09634e-08 -1.64133e-07 2.01873e-07
2.69548e-07 -9.78517e-08 -2.09592e-07
-1.58486e-07 -2.02973e-09 8.64251e-08
3.28056e-08 -1.0771e-07 -1.33029e-08
-2.53193e-07 -2.48355e-07 -5.33812e-09
-2.20125e-07 -4.00188e-08 -1.35602e-07
-4.08411e-08 1.94596e-07 -2.16973e-07
1.8086e-07 2.45935e-07 1.76694e-07
-1.79879e-07 -7.46111e-08 -3.31081e-08
1.43445e-07 -2.20937e-07 -9.31595e-08
-1.15483e-07 -1.2393e-07 -1.83651e-07
1.04687e-07 -4.48477e-08 -1.97518e-08
-2.13944e-07 1.03432e-07 -6.73336e-08
8.56968e-08 -2.16479e-07 1.44392e-07
-1.13252e-07 1.58172e-07 -1.53571e-07
7.36829e-08 -1.70991e-07 -1.93809e-07
2.05415e-07 2.35608e-07 -4.33654e-08
2.6436e-07 1.15511e-07 -4.85978e-08
8.03686e-08 -7.90788e-08 2.49848e-07
-1.84829e-08 -1.97543e-07 1.96915e-07
-2.16125e-07 -1.30198e-07 -5.01671e-08
1.95778e-07 -7.14107e-08 -4.53349e-08
2.51214e-07 -1.99367e-07 -7.32857e-08
-2.32149e-07 -6.24423e-08 7.19906e-08
-2.1547e-07 1.81574e-07 1.54668e-07
-2.59517e-07 2.00545e-07 2.24251e-07
7.18012e-08 5.82791e-08 -2.61984e-07
2.30213e-07 -1.46379e-07 -4.80943e-08
2.54859e-07 1.78097e-07 -1.00004e-07
1.61636e-07 -8.55108e-08 4.65867e-08
1.40929e-07 -6.94968e-08 -1.57508e-07
2.13767e-07 2.66639e-07 -1.04482e-07
1.7513e-07 -4.87673e-09 -1.7314e-07
-6.00088e-08 2.75985e-07 -2.57694e-07
1.2818e-07 1.6583e-07 -2.21007e-07
-1.43273e-07 -6.09959e-08 1.73216e-07
2.03039e-07 3.06546e-08 2.39545e-08
6.61035e-08 7.53091e-08 6.70703e-08
9.76169e-08 4.66528e-08 1.24108e-07
-1.58994e-07 -2.20158e-07 2.16688e-07
-1.56145e-07 3.19842e-08 1.52047e-09
1.20782e-07 1.39446e-07 8.70396e-08
2.06576e-07 -2.34674e-07 1.0674e-07
8.90842e-08 1.77552e-09 -2.81391e-07
3.30385e-08 4.57441e-08 -1.16284e-07
1.71916e-07 1.26308e-07 -3.3253e-08
-1.70593e-07 -1.67137e-07 -1.62808e-07
5.39604e-08 -9.84536e-08 -1.12023e-07
-8.91834e-08 6.08073e-09 -2.53303e-07
1.01572e-07 -1.77353e-07 -4.13858e-08
1.84974e-07 -6.1216e-08 -2.75522e-07
-1.48428e-07 -1.678e-07 4.75103e-08
1.88317e-07 -9.1415e-08 2.39819e-07
3.56016e-08 1.76853e-07 1.88956e-07
1.54968e-07 2.53495e-07 4.81985e-08
-4.1041e-08 -7.21174e-08 -1.14353e-07
-2.55592e-07 7.01929e-08 2.53235e-07
2.2872e-07 -1.51452e-07 1.60104e-07
1.82353e-07 1.61983e-07 2.05632e-07
-1.38641e-07 2.68418e-07 -1.01789e-08
1.6384e-07 -9.98065e-08 -7.16281e-08
1.65322e-07 -5.4902e-09 -4.64092e-08
2.50313e-07 -1.84992e-07 5.13895e-08
1.15237e-07 -2.54571e-07 1.68346e-07
-2.26309e-07 -4.34006e-08 -8.80783e-08
4.78168e-08 8.48824e-08 -1.16936e-07
-2.79167e-07 -1.16306e-07 -2.78722e-07
-2.84282e-07 -9.15452e-08 -3.90751e-08
-1.32215e-07 -2.61295e-08 1.59871e-07
1.26938e-07 1.74944e-07 -2.45112e-07
1.61985e-07 -2.15125e-07 -2.47868e-07
1.97311e-07 2.55546e-07 -2.22999e-07
-6.61633e-10 1.96696e-08 3.55766e-08
2.23367e-07 5.27857e-08 -1.83401e-07
-1.67838e-07 -2.78525e-07 1.69211e-07
2.01848e-07 4.98997e-08 -1.74174e-07
2.85007e-07 -5.39008e-08 -1.66984e-07
-2.83588e-08 2.55225e-07 2.564e-07
-1.28776e-07 1.48155e-08 1.39731e-07
-2.51775e-07 -1.4095e-07 -4.5072e-08
2.32219e-07 2.04835e-07 2.82374e-09
-1.58346e-07 3.96285e-08 -2.61477e-07
-1.7332e-07 -6.92267e-08 4.42016e-08
1.13757e-07 -1.06283e-07 -2.15713e-07
-1.69059e-07 1.64261e-07 1.16202e-08
1.33762e-07 -2.44691e-07 -2.10523e-07
-2.04494e-07 -1.27325e-07 -1.3434e-07
-1.71098e-07 2.18967e-07 -6.79649e-08
-2.48371e-07 2.5839e-07 -4.09247e-08
-1.22077e-07 -1.36381e-07 -9.71054e-08
-5.20306e-08 1.10384e-07 1.47315e-07
-4.29224e-08 -2.82219e-07 -1.1201e-07
2.70983e-07 -1.41113e-07 -1.32681e-07
2.44769e-07 2.05896e-07 1.38917e-07
-5.05053e-08 2.51278e-08 -2.8429e-07
-9.27617e-08 -5.60326e-08 -1.62113e-07
-6.81757e-08 2.34892e-07 -1.5422e-07
-1.33389e-08 -2.4259e-07 1.28763e-07
1.99604e-07 2.56869e-07 8.41966e-08
-2.28729e-07 2.62795e-07 1.53853e-07
2.07607e-07 -1.66931e-07 -1.89748e-07
-6.17425e-08 -8.53311e-08 1.33939e-07
1.80799e-07 2.28327e-07 8.18978e-08
2.83145e-08 -1.62374e-07 2.32368e-07
7.89393e-09 1.12739e-07 5.39784e-08
2.57647e-07 5.68023e-08 -1.81952e-08
-1.56031e-07 9.1646e-08 -2.66642e-07
-2.48096e-07 -2.41528e-07 -1.18069e-07
2.18059e-07 4.89034e-08 -2.48146e-07
-3.03459e-08 1.5318e-07 -2.6512e-07
2.5169e-07 2.36735e-07 -2.13504e-07
-2.73879e-07 6.64536e-08 -1.90378e-07
9.3526e-08 -1.75999e-08 2.5707e-08
-2.09967e-07 -1.89764e-07 1.91965e-07
-1.46659e-07 2.64695e-07 -9.19672e-08
1.28282e-08 2.28689e-07 2.29779e-07
-4.49891e-08 9.29906e-08 2.50141e-07
-2.14504e-07 2.34586e-07 -1.95647e-08
-7.93127e-08 5.51929e-08 -1.83028e-07
-1.5445e-07 1.63025e-07 3.37824e-08
1.24238e-07 6.64728e-08 5.38331e-08
-2.64324e-07 1.18953e-08 5.55741e-08
1.19925e-07 -6.25994e-08 -1.23221e-08
2.44507e-07 -1.37458e-07 2.5766e-07
-1.7693e-07 -1.8232e-07 -1.14451e-07
2.70859e-07 -1.67755e-07 1.32155e-07
-1.18509e-08 -2.06162e-07 3.77455e-09
-1.28146e-07 1.28378e-07 -3.29487e-08
-3.91537e-08 4.90171e-08 -1.62393e-07
-1.07848e-07 -9.24464e-08 1.44787e-07
-9.73807e-08 -1.47265e-07 2.03908e-07
-2.70945e-07 -1.14378e-07 -1.08069e-08
3.08884e-08 -2.83897e-07 7.85205e-08
-1.97345e-07 3.76604e-08 3.36414e-08
-2.43485e-07 1.12102e-07 -2.20092e-07
1.11293e-07 2.65216e-07 5.50156e-08
-2.4716e-07 -1.47536e-07 1.28517e-07
2.68108e-07 -2.38843e-08 -8.60406e-08
1.33897e-07 -8.45268e-08 -1.06643e-07
1.08569e-07 9.09579e-08 -1.18887e-07
1.22338e-07 -1.65764e-07 -2.90932e-08
-1.38283e-07 -2.68779e-07 1.50842e-07
-3.34104e-08 -4.80563e-08 -7.66965e-08
1.51171e-08 2.84783e-07 -1.71188e-07
2.29091e-07 -2.35404e-07 -1.38424e-07
-6.84466e-08 2.13047e-07 -2.62137e-07
-7.46368e-08 5.03065e-08 1.53204e-07
1.03433e-07 2.80398e-07 -2.42365e-08
5.83613e-08 -1.57067e-07 -5.65582e-08
6.75336e-08 1.24862e-07 2.7747e-10
-2.82761e-07 4.17506e-08 2.64864e-07
-1.20717e-07 5.70043e-08 1.29131e-07
1.73304e-08 9.44737e-08 -2.21759e-07
6.64979e-08 7.55776e-09 -1.36213e-07
6.5329e-08 2.48813e-08 -2.29662e-07
-7.19359e-08 -1.04477e-07 2.60441e-07
-1.0652e-07 -2.38956e-07 -2.62263e-07
2.51209e-07 -2.05995e-07 2.28659e-07
-1.1005e-07 -5.74735e-08 -2.8234e-07
1.29219e-07 -2.2481e-07 2.46559e-07
-5.2095e-08 -6.02486e-10 1.53643e-07
2.13907e-07 -2.74652e-07 1.09996e-07
-2.24613e-08 7.28195e-09 6.90641e-08
-2.63065e-07 1.97879e-07 1.38158e-07
-8.05832e-08 1.79281e-07 -2.51161e-07
2.02781e-07 -1.00998e-07 1.63628e-07
4.29346e-08 -8.24321e-08 1.20792e-07
5.707e-08 -3.43444e-08 -8.22866e-08
-2.21219e-07 1.11243e-07 1.35587e-07
-1.25213e-07 2.26364e-07 1.75869e-07
-1.44573e-07 6.45855e-08 -2.67606e-07
-5.65193e-08 2.33475e-07 2.63952e-07
-7.53303e-08 -1.6213e-07 -1.24277e-07
-1.33509e-07 7.16054e-08 2.52236e-07
1.98463e-07 7.08234e-08 -1.90582e-07
1.59754e-07 -8.87657e-08 9.50395e-08
4.82597e-08 -9.85994e-08 -1.58526e-07
1.50862e-07 -1.06271e-07 4.21197e-08
-2.11645e-07 -6.11463e-08 2.1434e-07
5.71882e-09 -8.14264e-08 -8.96044e-08
6.70239e-08 -1.79327e-08 -5.84938e-08
1.0058e-07 -2.76028e-07 8.52954e-08
-3.49745e-08 8.137e-08 5.20969e-08
8.77103e-08 2.53042e-07 1.09333e-07
1.79905e-07 -5.32918e-08 -2.43023e-07
-1.61765e-07 -1.11778e-07 2.74125e-07
1.76923e-08 1.05203e-07 1.06934e-08
-6.94533e-08 1.42861e-07 1.95362e-07
-2.77193e-07 -2.36665e-07 -1.04856e-07
-1.67693e-07 -2.59488e-08 -2.55281e-07
9.88876e-08 -2.28143e-07 2.13973e-07
1.53598e-07 -2.40982e-07 1.44367e-07
2.02147e-07 6.82387e-08 2.8152e-07
2.16732e-07 -1.86487e-07 6.46744e-08
-8.34631e-08 2.53355e-07 -2.45201e-07
3.66653e-08 -2.52746e-07 -5.82039e-08
2.32373e-07 -3.85853e-08 -2.03407e-07
1.3958e-07 2.036e-07 1.06979e-07
-1.05384e-07 3.93264e-08 2.29933e-07
-2.26036e-07 -1.49983e-07 2.39001e-07
6.73308e-08 2.75658e-07 -1.95591e-07
1.57244e-08 -1.45069e-07 1.97728e-07
-2.63593e-07 -2.17274e-07 -1.85134e-07
-3.53618e-08 1.86328e-07 6.21073e-08
1.72179e-07 1.63198e-08 7.33521e-09
-2.75979e-07 2.75296e-07 2.42227e-07
2.28493e-08 -1.02529e-07 4.90887e-08
5.64868e-08 -1.94352e-07 2.49293e-07
-2.59984e-07 -5.22828e-08 -5.9238e-08
9.69428e-09 -2.51034e-07 1.62459e-08
-2.36435e-07 -2.05065e-08 -1.33639e-07
2.52498e-07 -2.26541e-07 -2.1816e-07
7.63867e-08 2.82942e-07 -2.47302e-07
5.47742e-08 -2.70335e-07 -2.00878e-07
8.2583e-08 1.52313e-09 1.95976e-07
2.14623e-07 -5.41262e-09 -2.01931e-07
-8.95303e-09 1.33927e-07 -2.75189e-07
1.79277e-07 1.03055e-07 -2.41527e-07
1.51896e-08 -1.70739e-07 -2.29004e-07
-1.81799e-07 -1.60028e-08 3.28359e-08
-1.7657e-07 1.92076e-07 -2.66321e-07
1.76754e-07 -2.22053e-07 -1.26136e-07
4.10844e-08 -8.47127e-08 -3.03307e-08
-1.95502e-07 -2.10363e-07 -7.54386e-08
-6.22983e-09 3.52053e-08 -2.38598e-07
2.78832e-07 -8.5147e-09 -3.37633e-08
-1.71597e-07 1.29085e-07 -1.85921e-08
1.28605e-07 -2.49761e-07 2.75609e-07
-7.64355e-08 4.75372e-08 -2.64335e-07
2.44917e-07 6.93075e-08 1.28333e-07
-2.54322e-07 2.08756e-07 1.09377e-07
2.00351e-07 9.71553e-08 1.04699e-07
-6.44532e-08 -2.00299e-07 2.67265e-07
8.31204e-08 -9.37968e-08 1.80014e-07
1.16855e-07 -2.73012e-07 -1.74334e-07
-2.50573e-07 -1.11757e-07 -4.29018e-08
4.11157e-08 1.16003e-07 2.48253e-07
-3.12049e-08 1.89652e-08 -1.10091e-07
1.25807e-07 4.26509e-08 -2.75919e-07
3.15036e-09 -1.27311e-07 -2.64904e-07
1.96831e-07 2.82922e-07 -8.22601e-08
2.41385e-07 -2.38456e-07 -2.81173e-07
1.28405e-07 -6.30482e-08 6.94022e-08
1.55474e-07 7.27004e-08 -4.45279e-08
-5.41101e-08 1.75122e-07 -8.51526e-08
-2.27597e-07 -1.18723e-07 -2.53264e-07
3.55073e-08 -1.18903e-07 -2.77559e-07
2.06817e-07 -2.25657e-07 1.70914e-07
2.2848e-07 1.32134e-07 1.80721e-07
-5.75802e-08 1.45538e-07 -2.85566e-07
1.45713e-07 1.9597e-08 2.70105e-07
-1.91676e-07 5.02e-09 7.36598e-08
8.5018e-08 8.95032e-08 2.1205e-07
-1.01655e-07 -1.13356e-08 1.72812e-07
-1.08758e-08 -1.00712e-07 1.93168e-07
3.30085e-08 2.70358e-07 5.62309e-08
2.23848e-07 2.30565e-07 -1.62333e-07
-7.58808e-08 -1.94733e-07 1.17815e-07
-2.41596e-08 1.97351e-07 2.59392e-07
-3.98816e-09 7.84612e-08 1.51804e-07
-1.04981e-07 -2.13443e-07 2.29262e-08
2.17897e-07 -2.72941e-07 -1.10507e-07
8.74094e-08 1.18507e-08 2.99867e-08
-2.34076e-07 -1.63498e-08 -2.19465e-07
-1.9792e-07 2.83394e-07 2.04388e-07
-7.4723e-09 1.04747e-07 -1.93716e-07
-1.9615e-07 -2.19507e-07 4.88523e-08
5.46882e-08 2.50024e-07 1.04428e-07
1.83373e-07 -1.97328e-07 -1.35773e-07
-2.84132e-07 -1.79926e-07 -3.50003e-08
1.86714e-07 2.38841e-07 -2.64458e-07
-1.55846e-08 1.68582e-07 -4.49725e-08
1.77995e-07 -9.40001e-08 -8.982e-08
8.34621e-08 -2.37713e-07 7.9941e-08
-6.13263e-08 -1.43954e-07 1.32044e-07
-2.2432e-07 -2.63496e-07 1.78462e-07
2.08049e-08 -2.38636e-07 -1.09246e-07
1.81858e-07 -1.44438e-07 -2.28803e-07
-2.74547e-07 8.88641e-08 9.58343e-08
2.37044e-07 8.27057e-08 -1.10803e-07
1.63766e-07 -2.03765e-07 1.96615e-07
-1.80277e-07 -1.97388e-07 6.98916e-08
-2.57439e-07 1.65355e-07 7.84037e-08
2.19193e-08 -9.36054e-08 -1.15647e-07
-1.1102e-07 -2.15907e-07 -1.95524e-08
1.21717e-08 1.36242e-07 -2.15951e-07
-6.09595e-08 -9.1602e-08 6.2427e-08
-6.3507e-08 -2.66854e-07 8.57405e-08
7.82785e-09 2.13605e-07 -3.21749e-08
-5.0055e-08 -2.10027e-08 -3.34696e-08
1.6044e-07 -2.42352e-07 2.57156e-07
1.86314e-07 2.79017e-07 9.79153e-08
1.98844e-07 -9.71459e-08 -7.58485e-08
5.9339e-09 -1.12229e-07 -1.28847e-07
7.12341e-08 2.80521e-07 1.42392e-07
3.15866e-08 2.53588e-07 1.00876e-07
-1.92371e-07 2.19078e-07 -7.78007e-08
2.59713e-07 2.5214e-07 -1.59087e-07
1.3128e-07 4.35691e-08 -1.93517e-07
-1.0324e-07 -5.26423e-08 -2.10249e-07
8.64191e-08 -1.15587e-07 -1.11736e-07
1.47493e-07 -1.02577e-07 -2.64454e-07
1.87235e-07 1.94379e-07 2.02905e-07
9.00842e-08 2.78201e-07 -2.12497e-07
-2.77268e-07 1.201e-07 1.50828e-07
-6.04291e-08 -1.7659e-07 1.77827e-07
5.37728e-08 -1.31435e-07 1.77142e-07
1.40389e-07 -1.35637e-07 4.01151e-08
-2.61916e-07 -4.36005e-08 3.0811e-08
6.58808e-08 -1.77657e-07 -7.18503e-08
2.43913e-07 -2.26796e-07 -2.6023e-07
2.19444e-07 2.5388e-07 3.54615e-08
1.08362e-07 -1.78543e-07 -8.19229e-08
4.18337e-08 2.0682e-07 -1.28918e-07
-1.78305e-07 -2.85989e-07 2.38353e-07
2.59388e-08 1.9737e-07 -2.6611e-07
1.86242e-07 -2.18756e-07 9.05225e-08
6.56066e-08 2.1394e-07 3.99052e-08
-6.56367e-08 1.10194e-08 2.53099e-07
-2.07521e-07 -1.59122e-07 -2.75258e-07
-2.78148e-07 -1.2436e-07 -6.74292e-08
-1.16588e-07 -1.34716e-07 -2.22723e-07
-2.76504e-07 -1.19716e-07 5.38509e-08
-4.55729e-08 5.30347e-08 -2.68131e-07
-2.41409e-07 1.84325e-07 1.7443e-07
-1.59646e-07 -2.06159e-07 -2.26813e-07
9.18065e-08 1.4663e-07 2.78834e-07
1.16098e-07 -1.18355e-07 2.22394e-07
-2.25166e-07 -3.33449e-08 8.1592e-08
2.44721e-08 2.73584e-07 1.76326e-07
-1.68759e-07 8.81882e-08 -1.6875e-07
7.55731e-08 -2.40985e-07 2.48951e-07
1.73309e-07 -1.98066e-07 2.58197e-07
-1.02622e-07 -1.18175e-07 2.92996e-08
2.12517e-07 1.79426e-07 2.64642e-07
2.96511e-08 2.60914e-07 -3.96359e-08
-1.04103e-07 -2.54013e-07 -4.80701e-08
-2.50072e-07 -2.62692e-07 2.07358e-07
2.3422e-07 1.17538e-07 1.01871e-07
1.68013e-07 2.7072e-07 -1.72803e-07
1.17147e-07 -1.37421e-07 2.69431e-07
1.16476e-07 -4.42888e-10 -3.80735e-08
1.7309e-07 2.65295e-07 5.71069e-09
3.28223e-08 -2.82608e-07 -1.77195e-07
4.02023e-09 7.37532e-08 -7.2628e-08
2.72322e-07 -6.7934e-08 8.27755e-10
-1.0895e-08 1.05659e-07 -2.2275e-07
-2.50209e-07 1.98503e-07 -9.20615e-08
2.3278e-08 -1.4632e-08 -2.26867e-07
-2.06143e-07 1.88114e-07 -2.05025e-07
1.69822e-08 -1.0539e-07 -2.75626e-07
-1.93328e-07 -8.51276e-08 -6.19045e-08
2.33582e-07 -1.87152e-07 3.53031e-08
2.50746e-08 2.55093e-07 -1.23756e-07
1.7132e-07 2.16456e-07 -1.38084e-07
1.28424e-07 -2.66989e-07 1.38141e-07
1.81849e-07 -2.67346e-07 5.1046e-08
-2.46574e-07 2.38784e-07 2.73258e-07
1.70867e-08 -9.5316e-08 -2.33576e-08
6.60056e-08 2.70613e-07 -2.2234e-07
-7.16087e-08 2.75343e-07 2.56074e-07
-2.72172e-07 -2.80037e-07 2.13146e-07
1.64369e-07 2.51139e-07 1.93951e-07
1.20495e-07 -2.56629e-07 -1.27274e-07
-2.39008e-08 1.73827e-07 2.32701e-07
-1.68058e-07 -1.57298e-07 1.33941e-07
-2.14513e-07 -1.89595e-07 8.91732e-08
-2.40642e-07 2.84607e-07 1.75433e-07
-1.29861e-07 2.20369e-07 -1.06341e-08
3.28645e-08 -2.10037e-07 2.02654e-07
-5.46093e-08 -2.32968e-07 9.66228e-08
-1.667e-07 2.39353e-07 6.67431e-08
4.86408e-08 2.71349e-07 -4.53894e-08
3.80721e-08 -1.87821e-07 -9.59649e-08
1.57764e-07 -1.53141e-07 -5.73512e-08
-1.2445e-07 5.70295e-08 5.96194e-08
5.13208e-08 -1.04665e-07 1.24183e-07
1.2261e-07 2.71196e-07 -1.93858e-07
2.37814e-07 -1.05798e-07 2.37434e-07
1.75239e-07 2.63964e-07 -1.48716e-07
-1.58504e-07 -6.6101e-08 2.35745e-07
6.9601e-08 -2.64342e-07 -2.34637e-07
-9.6391e-08 -7.97421e-08 -2.23607e-07
1.75842e-08 2.90783e-08 -2.71443e-07
1.18227e-07 2.07811e-07 -2.48655e-07
-1.36725e-07 -2.11563e-09 -2.29135e-08
2.3088e-07 -2.66184e-07 -7.27887e-08
1.51528e-08 7.34436e-08 3.39105e-08
3.93815e-08 1.49951e-07 -5.0712e-08
1.05376e-08 7.72445e-08 -2.82702e-07
-9.72911e-08 1.09815e-07 1.14641e-07
-2.53778e-07 -1.03677e-07 1.86037e-07
-1.37771e-07 -2.58562e-07 8.7426e-08
-2.55213e-07 6.26021e-08 -1.63129e-07
7.56932e-09 2.82882e-07 3.55579e-08
-2.16431e-07 2.53136e-07 8.72911e-08
-2.95023e-08 -3.51553e-08 5.75452e-08
3.23471e-08 2.84036e-07 -1.47753e-07
-2.16404e-07 -1.62677e-07 1.84762e-07
8.76061e-08 5.31149e-08 -2.12992e-07
-4.07182e-08 -1.33146e-07 -1.70948e-07
1.55785e-07 -1.27729e-07 7.35436e-08
-2.69124e-07 1.29425e-07 -1.21032e-07
2.817e-07 -2.85753e-07 -1.90423e-07
-2.06125e-07 1.30854e-07 2.83493e-07
1.36864e-07 -2.51836e-07 7.75085e-08
1.51356e-07 1.61261e-07 1.57624e-07
-3.12625e-08 1.1482e-07 1.94931e-07
2.20322e-07 -1.94156e-07 -1.90629e-07
2.27471e-07 1.27706e-08 2.48275e-07
8.35503e-08 2.85916e-07 9.70203e-08
2.53374e-08 -2.01733e-07 1.61062e-08
1.78428e-07 1.58411e-07 2.43266e-07
6.3933e-08 2.00266e-07 -2.13541e-07
-9.74778e-08 1.74584e-07 -3.42089e-08
-2.36578e-07 -1.52075e-07 -2.28098e-07
-2.45094e-07 1.99107e-07 -2.78638e-07
1.62614e-07 2.60326e-07 2.44355e-07
6.99341e-08 -6.49842e-08 -1.1211e-07
-1.79691e-07 -1.16685e-07 -1.97581e-08
-2.28594e-07 -1.96991e-07 -2.5674e-07
-1.12708e-07 2.26273e-07 -2.09644e-07
2.15252e-07 -2.80701e-07 -2.5648e-07
1.57919e-07 1.25578e-07 -1.98473e-07
2.21323e-07 -2.14979e-07 -1.58656e-07
-1.62517e-07 -2.1887e-07 1.56142e-08
6.18269e-09 -7.82628e-08 1.26922e-07
-2.08344e-08 8.98605e-09 2.58314e-07
2.67301e-07 2.35622e-07 8.88071e-08
-2.18229e-07 -1.44942e-08 1.51594e-07
-2.21988e-07 -9.47438e-08 1.5821e-07
-1.17602e-07 8.06046e-08 -1.76284e-07
-2.37657e-07 5.03275e-08 -6.21581e-08
-1.21246e-07 -1.92863e-07 8.89195e-08
-2.24522e-07 -1.22561e-07 2.08145e-07
-9.12088e-08 1.73151e-08 4.53814e-09
-1.32315e-07 7.68549e-08 2.38195e-08
-5.12602e-08 1.15849e-07 -2.78776e-07
-1.4339e-07 1.26801e-07 1.70076e-07
1.7154e-08 1.8014e-07 1.71138e-08
-9.84124e-08 1.40575e-07 1.9257e-07
-1.14268e-08 1.26743e-07 -1.46816e-07
2.6544e-08 6.062e-08 1.81233e-07
-3.07075e-08 -8.47213e-08 -1.5227e-07
1.60009e-07 -2.34193e-07 1.89915e-07
5.01999e-08 2.18882e-07 -2.49015e-07
-1.81431e-07 -1.19301e-07 1.14803e-08
9.71529e-08 5.23815e-08 9.878e-09
-2.29651e-07 1.71632e-07 7.47957e-08
-8.76138e-09 -1.40853e-07 -1.66619e-07
-4.18735e-08 1.76084e-07 3.59524e-08
-2.18432e-07 -1.3637e-07 -1.70895e-07
-3.65743e-08 2.2267e-07 -2.3409e-07
-2.66623e-07 1.30356e-07 1.90195e-07
5.52008e-08 -2.6951e-07 9.40858e-08
-1.30518e-07 2.56235e-07 2.46493e-07
-2.24646e-07 -2.32536e-07 1.71106e-09
-2.7276e-07 2.63115e-07 -1.60394e-07
-1.83977e-07 -1.35623e-07 1.21705e-07
-1.62555e-07 -1.49011e-07 -2.8118e-07
-1.34918e-07 -6.66703e-08 1.94469e-07
2.78034e-07 -1.71688e-07 -9.98435e-08
1.85215e-07 2.02422e-07 -6.93417e-08
-2.39039e-07 2.35111e-07 2.15902e-07
7.37081e-08 -2.9286e-08 1.68005e-07
-1.88633e-07 -2.22914e-07 -1.24965e-07
9.40617e-08 -1.78062e-07 1.96304e-07
2.61897e-07 -1.20559e-07 -2.37461e-07
-1.09788e-07 -2.15627e-07 -2.24162e-07
-2.6247e-07 -2.62932e-07 4.03696e-08
2.79575e-07 1.9729e-07 9.04302e-08
-1.47506e-08 -1.82867e-08 -1.90206e-07
-3.65436e-08 -2.48863e-07 1.77203e-07
3.25867e-08 -2.42749e-07 -2.15667e-07
1.97023e-07 -1.9807e-07 2.19561e-07
2.14297e-07 -9.9093e-08 -1.18972e-07
-1.11742e-07 8.7927e-08 -5.12222e-08
-2.48424e-07 -8.42726e-08 -2.5555e-07
-2.72372e-07 -2.02734e-08 -7.66818e-09
1.08354e-08 2.00323e-07 -1.64692e-07
4.39983e-08 -2.10807e-07 -1.34237e-07
3.78009e-08 -5.19597e-08 7.27945e-08
2.65403e-08 1.68923e-07 2.14491e-07
-6.36716e-08 2.79467e-07 4.56358e-08
-9.44611e-09 1.77123e-07 1.1272e-08
-1.06289e-07 -1.84012e-07 -4.2099e-08
-2.25477e-07 -2.36441e-07 -2.05721e-07
2.68196e-07 2.64909e-07 -1.12776e-07
-1.42504e-07 -2.52976e-07 2.52464e-07
2.19855e-07 -1.25146e-07 -8.20575e-08
2.59844e-08 -1.57293e-08 -1.09122e-07
-7.78727e-08 -2.85168e-07 1.97119e-08
-5.8325e-08 1.68614e-07 1.21961e-07
2.31377e-07 2.23258e-07 1.13185e-07
2.85658e-07 -2.73953e-07 -1.13102e-07
-2.06439e-07 2.28186e-07 1.58903e-07
3.13621e-08 4.81357e-08 2.42195e-07
-2.48774e-07 -2.17698e-07 -1.74553e-08
-9.30322e-08 -1.72247e-07 -1.42553e-07
-1.06757e-08 -2.92461e-08 -2.73627e-07
8.07536e-08 -7.42069e-08 -6.61598e-08
-2.46456e-07 2.65362e-08 -6.53036e-08
1.30079e-08 2.59759e-07 2.71209e-07
-1.87629e-08 -1.93371e-10 1.91198e-07
1.17664e-07 -2.06829e-07 -7.92234e-08
-1.14692e-07 2.58957e-07 -4.62225e-08
-2.4981e-07 -9.35228e-08 -2.01273e-07
-1.7517e-07 6.88162e-08 -1.08898e-07
5.35212e-08 4.39631e-08 -1.29679e-07
5.82506e-09 1.26763e-07 1.6395e-07
6.18705e-08 1.17747e-07 2.40601e-07
-1.40323e-07 -1.95456e-07 1.27678e-07
-4.7302e-10 1.1482e-07 2.94287e-08
-1.11442e-07 -1.11576e-08 -1.52465e-07
-3.34441e-08 6.32896e-08 9.87965e-09
-1.79252e-07 3.60007e-08 -1.17332e-07
2.57671e-07 -1.74041e-07 -4.97768e-08
5.51718e-08 8.11877e-08 -1.70076e-07
-1.98382e-07 1.94199e-07 9.38548e-09
-2.48649e-07 -1.82759e-07 1.57486e-07
-1.85795e-07 -8.51561e-08 -2.65217e-07
-3.05348e-08 -1.2776e-07 1.94549e-07
2.33772e-07 1.32393e-07 1.29194e-07
-1.05223e-07 -5.23668e-08 -2.60322e-07
2.52976e-07 8.74641e-08 -1.81488e-07
-1.28888e-07 -2.09277e-07 2.12692e-07
-8.92329e-08 1.10032e-07 7.2047e-08
1.49969e-07 5.35015e-08 -1.70145e-07
2.54921e-08 2.22136e-07 -2.6395e-07
-1.46901e-07 2.05707e-07 -1.51996e-07
1.53003e-07 2.44779e-07 -1.53097e-07
1.19327e-07 -6.89635e-08 -2.7834e-07
4.18217e-08 4.29928e-08 -7.11951e-08
1.8504e-07 -1.69442e-07 3.79884e-08
1.05023e-07 -1.25511e-07 5.64027e-08
1.31599e-07 -1.27956e-07 -1.37904e-07
5.50975e-08 -1.59871e-07 2.52675e-07
-2.12542e-07 2.80312e-07 2.39349e-08
1.52548e-07 3.94369e-08 -7.99977e-08
-2.16318e-07 2.19717e-09 1.94042e-07
-7.74689e-08 2.47262e-08 -1.0261e-07
8.0858e-08 -5.11433e-08 1.81305e-07
-2.6727e-07 -1.9194e-07 -1.88396e-07
-2.71111e-07 2.28203e-07 -4.40309e-08
-1.28487e-07 -2.4845e-07 2.7024e-07
-1.90349e-07 -5.94499e-08 -6.30923e-08
4.08935e-08 -6.68947e-08 2.09939e-07
-1.19651e-07 1.81763e-07 -2.76635e-07
-2.96669e-08 1.09182e-07 -1.81265e-07
1.57543e-07 3.301e-09 -2.75009e-07
9.64468e-08 -1.48136e-07 -8.66127e-08
2.66254e-07 -2.46427e-07 1.74955e-07
-1.85949e-07 1.20071e-07 -1.99631e-07
1.61394e-08 1.47914e-07 2.06699e-07
4.75553e-08 2.65402e-07 1.36946e-07
-7.3651e-08 -3.13517e-08 -2.34638e-07
1.61861e-07 7.55613e-08 -2.73534e-07
-1.86219e-07 -2.57667e-07 -2.74883e-07
1.42846e-07 2.61777e-07 2.29823e-07
-4.05797e-08 -2.57135e-07 5.0751e-08
1.44026e-07 2.29226e-07 1.26246e-07
1.94264e-07 2.04095e-07 1.23318e-07
-1.06844e-07 -1.47817e-07 1.09406e-07
6.88273e-08 -4.65287e-08 -3.14306e-08
-9.81801e-08 -1.91308e-08 2.25741e-08
-1.8396e-07 2.72162e-08 -2.36339e-07
2.38222e-07 -5.57853e-08 -6.02205e-08
1.88144e-07 -6.14503e-08 -1.37196e-07
-5.45156e-08 1.97932e-09 -1.98082e-07
-8.88919e-08 7.09006e-08 1.6962e-07
-4.13436e-08 -4.49538e-08 2.31228e-07
-1.80301e-07 -1.8419e-07 4.28505e-08
-1.81509e-07 5.64498e-08 -1.29845e-07
7.05539e-08 6.67368e-08 2.09873e-07
1.59359e-07 -8.88919e-08 1.11296e-08
-2.09925e-07 -1.26547e-08 -1.70447e-07
1.75929e-07 -1.07963e-07 2.62287e-08
-1.08713e-07 -2.79398e-07 -1.3191e-07
-8.44772e-08 6.34848e-08 2.59016e-07
-1.1703e-07 -1.13316e-07 -8.22678e-08
-8.7272e-08 1.7479e-08 9.74815e-08
2.35207e-07 2.27113e-07 -5.2319e-08
1.20325e-07 -1.81721e-07 2.18828e-07
1.06869e-08 1.98951e-07 1.49987e-07
2.01583e-08 8.6568e-08 -1.45195e-07
2.18744e-07 -1.79585e-07 -1.621e-07
1.17474e-07 2.7374e-07 -2.59427e-07
1.85814e-07 3.07448e-09 1.12754e-07
1.9813e-07 -2.23239e-07 -2.01517e-07
1.87189e-07 1.70949e-07 -2.32181e-07
-4.56071e-08 -1.75699e-07 -2.25603e-08
2.20765e-07 -4.26049e-08 2.35e-08
-1.25027e-07 1.77054e-07 1.43457e-07
-1.02892e-07 -1.98872e-07 -7.33573e-08
-1.46091e-07 2.36959e-07 -7.08808e-08
7.63666e-08 1.67001e-07 1.29849e-07
-5.91391e-08 8.05769e-08 -1.54615e-07
8.8227e-08 4.99586e-08 -1.90543e-07
2.52596e-07 -8.88292e-08 -9.87237e-08
2.70697e-07 -3.4049e-08 2.5664e-07
1.10859e-07 -1.69073e-07 -1.95282e-07
2.05447e-07 -1.21353e-07 2.80634e-07
7.27528e-08 -1.85428e-07 -6.59852e-09
1.19935e-07 -2.29362e-08 1.09614e-07
-2.14474e-07 -1.63906e-07 1.34481e-07
2.50564e-07 -2.2675e-07 1.42755e-07
2.23938e-07 -6.9711e-08 -2.24134e-07
2.84977e-07 -2.06268e-08 9.11973e-08
1.79152e-07 -2.74006e-08 2.13456e-07
2.73532e-07 3.81243e-08 -2.23865e-07
-1.87575e-07 -1.45137e-07 6.60354e-08
-1.95916e-08 9.81315e-08 1.83763e-07
-1.32892e-07 -1.714e-07 -8.61783e-08
-1.53934e-07 4.27103e-08 -1.21634e-07
-1.29067e-07 -2.76865e-07 2.40395e-07
-2.79332e-07 -2.38563e-07 2.5188e-07
-1.81104e-07 -1.08062e-07 2.6243e-07
-8.63524e-08 1.46919e-07 2.11472e-07
1.54405e-08 2.4014e-08 -2.99551e-08
-4.27831e-08 -1.91997e-07 2.35014e-08
-1.53131e-08 -1.89813e-07 -1.81284e-07
1.62136e-07 -5.39905e-08 4.08959e-08
2.75604e-07 5.63482e-08 -2.02583e-07
-2.70366e-07 1.14389e-07 3.51502e-09
-1.74636e-07 2.08144e-07 -7.09222e-09
-3.3302e-08 -2.54552e-07 2.82361e-07
2.60799e-07 1.9401e-08 -7.50614e-08
-2.75585e-07 -2.82596e-07 -1.73104e-07
9.72838e-10 -3.74182e-08 -1.09614e-07
-1.4773e-07 -9.83561e-08 7.35019e-08
-1.65133e-07 -2.06188e-07 -1.81603e-07
-1.94251e-08 2.8159e-07 1.17131e-07
-7.73978e-08 1.54855e-07 7.44813e-10
2.73948e-07 7.69475e-08 2.814e-07
-1.16451e-07 2.83246e-07 4.42604e-08
2.51961e-07 -7.17427e-08 -1.81916e-07
1.29948e-07 -1.201e-07 1.52981e-09
7.03341e-08 -3.90736e-08 9.87608e-08
-3.61167e-08 2.42401e-07 3.87873e-08
2.76069e-07 2.46378e-07 1.17672e-07
2.02015e-07 -4.43804e-09 -1.55809e-07
-2.71759e-07 9.2105e-08 1.71191e-07
2.38589e-07 -2.68758e-07 4.61414e-09
-2.34852e-07 2.0245e-07 2.24038e-07
3.88252e-08 -9.63079e-08 -2.38256e-07
3.79388e-08 4.81308e-08 -4.78033e-09
-6.80393e-08 1.33179e-07 8.40975e-09
-2.27979e-07 -2.06126e-07 -1.0218e-07
2.06936e-08 -4.08267e-08 1.94478e-07
1.08939e-07 2.27091e-07 1.41377e-07
-9.30616e-09 2.43023e-07 -2.27175e-07
3.79429e-08 -1.18784e-07 -2.04644e-07
7.05512e-08 -2.31605e-07 -6.40794e-08
5.792e-08 -1.22551e-07 -3.46294e-08
1.5882e-07 -9.47051e-08 -1.75241e-07
1.81375e-07 -1.17093e-08 -2.22169e-08
6.88772e-08 2.20795e-07 -1.31642e-07
2.53529e-07 -2.47135e-07 -1.49861e-07
6.62412e-08 -1.4738e-07 -2.15274e-07
2.55901e-07 -2.58777e-07 2.24564e-07
6.41968e-08 -2.76548e-07 -3.08815e-08
1.5518e-07 4.68141e-08 -4.58505e-08
-2.60595e-07 -5.97458e-08 -1.85639e-07
8.52101e-08 1.97266e-07 -9.01358e-08
3.67004e-08 3.0929e-08 -1.48665e-07
1.82614e-07 -1.23964e-07 -5.43394e-08
-9.65822e-08 -4.97455e-08 1.09088e-08
-2.52743e-07 -2.43605e-07 -1.98069e-07
-9.89703e-08 1.08945e-07 -1.6397e-07
-7.8225e-09 -2.35774e-07 -2.36887e-07
7.3657e-08 -1.95571e-07 1.20222e-07
1.28885e-07 4.63228e-08 1.8041e-07
-1.42055e-07 1.94246e-07 1.33116e-07
-2.84575e-07 -5.94369e-08 -2.97542e-08
-1.07188e-07 2.34698e-07 1.05913e-07
5.79366e-08 2.26678e-07 7.96413e-08
7.52037e-08 -1.16428e-07 1.19537e-07
-1.32613e-07 -7.9038e-08 1.21264e-08
1.6616e-07 -5.32247e-08 -3.3257e-08
1.208e-08 2.66028e-07 1.43975e-07
1.97734e-07 1.71271e-07 1.74394e-08
-1.68241e-07 2.60811e-08 4.04298e-08
6.69055e-09 2.583e-07 -1.00653e-07
1.38847e-07 -2.53007e-07 -2.37651e-07
-2.69652e-07 6.46512e-08 -1.06635e-08
-1.41293e-07 -2.09704e-07 -2.06397e-07
6.26739e-08 -1.04207e-07 1.75686e-07
9.22082e-08 8.56297e-08 -2.52049e-07
-1.38009e-07 -1.61969e-07 1.6446e-07
8.62984e-08 -8.37828e-08 3.32853e-08
-2.54702e-07 -1.59163e-07 -1.15523e-07
4.59903e-08 -1.11978e-07 4.81953e-08
2.83826e-07 -2.71579e-07 -2.08467e-07
-2.77585e-07 1.54254e-07 -5.9746e-08
-2.70492e-07 5.26899e-08 -8.11979e-08
7.11235e-08 1.14628e-07 -1.50804e-07
-1.00932e-07 1.39975e-07 -2.37076e-07
1.67438e-07 2.07229e-07 1.32033e-07
-2.28477e-08 -2.82682e-07 -2.76208e-08
1.61124e-07 1.92647e-07 2.13216e-09
-1.71846e-07 -2.6763e-07 -1.54841e-07
2.48483e-07 2.17933e-07 1.92179e-07
1.73261e-07 1.47995e-07 1.42105e-08
-1.83576e-07 2.23279e-07 -1.74449e-07
2.41039e-07 6.68759e-08 -2.76908e-07
2.2308e-07 2.70491e-07 -1.32567e-07
-1.8296e-07 1.29074e-07 -8.45893e-08
1.77905e-07 -1.6947e-07 5.65091e-09
2.20043e-07 3.9749e-08 -1.46439e-08
2.01353e-08 -2.7938e-07 1.96321e-07
1.9449e-07 6.41784e-08 -4.35958e-08
-1.52375e-07 5.77936e-08 -1.46024e-07
4.47513e-08 1.14808e-07 1.99211e-08
-9.57715e-09 3.50912e-08 1.08908e-07
-1.06777e-07 1.21255e-07 -3.8275e-08
4.82601e-08 -2.45466e-07 2.71041e-07
-2.33935e-07 -1.57563e-08 1.76361e-07
-2.71421e-07 2.85295e-07 1.53984e-07
2.4312e-08 -2.41025e-07 1.69121e-07
-1.72415e-07 -9.50884e-08 2.14449e-07
9.60041e-08 1.48653e-07 -2.08287e-07
-1.17559e-07 2.03065e-07 2.33522e-08
1.80187e-07 -3.42549e-08 -5.65009e-08
-1.71856e-07 1.9467e-07 -1.93916e-07
5.52249e-08 -2.34133e-07 -1.09945e-07
-6.62738e-08 1.37155e-07 2.58571e-07
-1.65548e-08 1.06406e-07 7.62702e-09
-1.79928e-07 2.79156e-07 7.50489e-08
2.52838e-08 -1.96598e-07 1.7721e-07
-3.56795e-09 3.34487e-08 1.73019e-07
-2.79389e-07 -1.58566e-07 1.55756e-07
1.03841e-07 -1.23601e-07 1.72157e-07
2.44018e-07 5.20618e-08 -1.64898e-07
-9.26454e-08 -7.38313e-08 -1.3177e-07
-4.21226e-08 4.01764e-08 2.05372e-07
2.77494e-08 -1.60851e-07 2.81619e-07
-2.21054e-07 -5.28409e-08 1.46722e-07
1.93827e-07 -3.3735e-08 -3.02607e-08
-2.47366e-07 2.64615e-07 -1.98137e-07
-3.67786e-08 -1.00576e-07 1.28286e-07
9.81676e-08 1.35638e-08 -1.1412e-07
-1.8062e-07 6.02991e-08 8.31967e-08
2.72645e-07 2.11636e-07 1.345e-08
5.71774e-08 2.23844e-07 5.99367e-09
-6.86874e-08 -2.16304e-07 -2.10645e-07
-2.1337e-07 5.23479e-08 -1.83126e-07
1.99581e-07 -1.12154e-08 -2.50878e-07
3.27738e-08 -4.32476e-09 2.07466e-07
-1.09958e-07 5.474e-09 5.52627e-08
8.64089e-08 1.37711e-07 -2.66073e-07
-2.51724e-07 8.11075e-08 -7.58131e-08
-2.32873e-07 -5.18272e-08 -5.81466e-08
-2.47748e-07 -1.92762e-07 -2.39206e-07
1.32181e-07 -2.13452e-07 1.10765e-07
-2.7597e-07 -9.20077e-08 2.7107e-07
-2.198e-07 3.37372e-08 -2.74799e-07
-2.43987e-07 9.33242e-08 -1.56468e-08
-1.02871e-07 -1.74525e-07 -2.32535e-07
-2.504e-07 -8.49903e-08 1.47265e-07
1.3147e-07 -6.15361e-08 1.81545e-07
1.75787e-07 7.40419e-08 2.58912e-07
1.49617e-07 -2.1777e-07 2.6856e-07
-6.64511e-08 5.86898e-08 1.79416e-08
-1.80575e-07 2.15269e-07 -2.00978e-07
1.35435e-07 4.55825e-08 3.63191e-08
1.09072e-07 -6.02728e-08 -1.08439e-07
2.77951e-07 1.97889e-07 -1.72298e-07
1.98067e-07 -2.90819e-08 1.6588e-07
2.03142e-07 1.60972e-07 -2.11761e-07
-2.60609e-07 -2.41425e-07 4.75764e-08
2.33173e-07 -2.06492e-07 1.09515e-08
2.25401e-07 1.51593e-07 1.20839e-07
-1.68963e-07 -2.32006e-08 1.85661e-07
1.05751e-07 -2.80775e-07 1.44237e-07
-2.29595e-08 1.87736e-07 4.39597e-08
2.55098e-08 1.62133e-07 -2.19452e-08
2.5694e-07 6.89936e-09 2.10606e-07
1.21914e-07 9.80801e-09 7.92296e-09
1.75923e-08 2.21246e-09 1.34286e-07
-2.42535e-07 -2.25669e-07 -1.59516e-07
-2.48555e-07 -2.02637e-07 1.85585e-07
1.82418e-07 -5.19863e-08 -9.10857e-08
2.4318e-07 2.68572e-07 -1.51318e-07
2.67644e-07 4.00872e-08 2.83687e-08
3.09265e-08 -2.4007e-08 -1.83301e-07
-1.32294e-08 1.50668e-07 2.56045e-07
1.46588e-07 2.34937e-07 2.30734e-07
-7.07099e-08 2.48448e-07 2.31873e-07
-1.10804e-07 1.69216e-07 1.62326e-07
-2.29481e-07 2.00343e-07 6.9645e-09
2.09641e-08 -2.80878e-07 -1.3729e-07
1.83639e-07 -1.67138e-07 8.61031e-08
-1.80355e-07 2.65128e-07 1.92337e-07
-1.12457e-07 2.13579e-07 -5.80472e-08
2.47782e-07 1.26058e-08 -2.51861e-07
3.16039e-08 1.96807e-07 -1.97556e-07
-1.6454e-07 2.73445e-07 -2.0845e-07
-1.22247e-07 1.65185e-07 -1.93742e-07
-1.1398e-07 -2.72668e-07 5.35048e-08
-1.24504e-07 2.43145e-07 1.1719e-07
-1.7633e-07 -2.32075e-07 -1.44993e-08
2.14237e-07 9.46693e-08 -2.42703e-07
2.0347e-07 2.44357e-07 -2.85982e-07
-2.84529e-07 -2.48734e-07 -3.01157e-08
1.77768e-07 -8.48048e-08 -2.85236e-07
-1.99434e-07 -2.19163e-07 -9.81089e-08
-2.1895e-07 -2.7311e-07 2.94966e-08
8.85878e-08 1.37876e-07 1.66624e-08
-1.46832e-07 -1.66703e-07 -2.45256e-07
-5.73556e-08 1.05229e-07 -3.39251e-08
-2.24935e-07 -1.26319e-07 6.98551e-08
1.48418e-07 -1.94309e-07 2.45599e-08
2.0561e-07 1.73498e-07 -5.2999e-08
1.41885e-07 -1.20272e-07 2.55766e-07
-7.30361e-08 1.79979e-07 6.61986e-08
-2.09795e-07 -8.62661e-08 -1.72352e-09
-9.92055e-08 2.2836e-07 -1.5731e-07
-3.7059e-08 -1.37145e-08 1.18877e-07
2.72618e-07 2.08678e-07 -3.03865e-08
2.61515e-07 2.40217e-07 1.86564e-07
-1.76811e-07 -6.25827e-08 -1.2293e-07
9.38255e-08 1.64923e-08 8.26858e-08
-2.74098e-07 8.75205e-08 -2.3624e-07
3.95486e-09 -2.40186e-07 -2.16949e-07
1.98755e-07 -1.65691e-07 -5.96767e-08
-1.84937e-08 -1.10399e-07 -3.44962e-08
2.14156e-07 1.8239e-07 1.45035e-07
-2.71346e-07 -2.10488e-07 6.85903e-08
5.84768e-08 7.00106e-08 2.83801e-07
2.17894e-08 2.3622e-07 8.62438e-08
-2.79289e-07 -8.12111e-08 -1.76252e-07
-2.80572e-07 -5.77241e-08 6.87021e-08
-1.60128e-07 1.93174e-07 -1.08618e-07
5.05598e-08 -6.17001e-08 2.19914e-08
2.36756e-07 -1.26247e-07 -2.3892e-07
2.19624e-07 1.87727e-07 -2.08287e-08
-4.26731e-09 1.82752e-07 2.5362e-07
2.57273e-07 4.18494e-08 2.85555e-07
-1.37262e-08 -2.71124e-07 1.19786e-07
-1.60488e-07 -1.24839e-07 -8.07785e-08
-1.89797e-07 -2.48763e-07 1.94885e-07
-1.2899e-07 1.63788e-07 2.22371e-07
2.83276e-07 7.26515e-08 2.32074e-08
2.39664e-07 3.62637e-08 1.98847e-07
1.92844e-07 -1.40883e-07 1.39056e-07
-4.49577e-08 1.31734e-07 -2.19365e-07
-2.51079e-07 -2.69562e-07 -1.68732e-07
2.56964e-07 -4.17153e-08 9.86659e-08
-1.6457e-07 -4.26885e-08 1.65062e-07
-1.00829e-07 -1.89561e-07 1.84858e-08
-1.57567e-08 3.87633e-08 8.14665e-08
1.99778e-07 1.63373e-07 -1.69597e-07
-2.4522e-07 8.39863e-08 -1.31028e-07
-2.10597e-07 -5.6902e-08 2.15001e-08
-1.79928e-07 2.28745e-07 2.10962e-07
-1.45883e-07 5.04766e-08 -2.35691e-07
-2.37216e-07 1.77136e-07 2.81719e-07
2.35595e-07 -2.24691e-07 1.04209e-07
1.87296e-07 -1.26081e-07 2.01616e-07
2.15947e-07 8.26819e-08 -4.29776e-08
1.64997e-07 1.38346e-07 -1.78065e-07
2.70358e-07 1.2317e-07 5.96465e-08
6.25225e-08 9.71845e-08 -1.88856e-07
1.20984e-07 -1.01421e-07 -8.32418e-08
-2.09076e-07 -2.35262e-07 1.49922e-07
2.73827e-07 -2.24454e-09 -2.66893e-07
2.829e-07 7.22899e-09 6.53938e-08
1.55173e-07 -2.16845e-07 5.75679e-08
1.25594e-08 1.29331e-08 -2.17805e-07
-9.97475e-08 3.21677e-08 -2.15197e-07
2.43193e-08 -1.15474e-07 1.07071e-08
1.38259e-07 2.18055e-07 -5.94329e-08
-2.37585e-07 -1.25086e-08 -3.71993e-08
-1.0894e-09 -2.75291e-07 -2.09404e-08
-6.62127e-08 2.15158e-07 2.81441e-07
-1.8521e-07 1.12487e-07 2.6395e-07
-9.52527e-08 -1.12065e-08 -2.07403e-07
7.71855e-08 3.34619e-08 9.9617e-08
-2.66517e-07 8.22822e-08 -1.74938e-07
-1.77358e-07 5.7552e-08 1.79789e-07
-1.76797e-08 2.47914e-07 1.03526e-07
-1.57878e-07 2.32081e-07 1.06505e-07
-9.29846e-08 -4.20156e-08 -6.42618e-08
2.31392e-07 2.32513e-07 -1.01878e-07
-1.3545e-07 -1.60545e-07 -1.95651e-07
-1.11195e-07 1.67889e-08 -6.96331e-08
-1.36945e-07 -2.07364e-07 2.58609e-07
2.11471e-08 -7.169e-09 -6.36804e-08
2.46978e-07 -2.07477e-07 -1.51782e-07
-2.84396e-07 2.65476e-07 -7.68214e-08
-1.25553e-08 -1.01491e-07 -5.80507e-08
-1.49706e-07 -3.84279e-08 1.93886e-07
-1.27019e-08 -4.98981e-08 6.10661e-08
-1.5039e-07 -2.71267e-07 -1.0874e-07
2.76402e-07 -1.80486e-07 -2.33155e-08
2.32145e-07 -2.17087e-07 -9.90187e-08
2.80289e-07 -2.83871e-07 -2.90363e-08
-2.17268e-07 -1.07105e-07 2.59967e-07
-2.37285e-07 -1.47216e-07 -1.60518e-07
-1.13548e-08 -2.79718e-07 2.0772e-07
-7.79495e-08 -2.79752e-07 -2.70237e-07
2.75242e-07 2.25097e-07 -1.71265e-07
1.81146e-07 -1.19858e-07 2.76496e-07
6.67755e-08 8.91965e-08 -2.73928e-07
-1.25436e-07 1.83843e-07 -1.36987e-07
-2.81471e-08 -2.26847e-07 -1.00336e-07
-1.43062e-07 -2.14977e-07 -1.76421e-08
-2.65794e-07 2.75389e-07 -1.9036e-08
-2.66015e-07 -1.0911e-07 -2.20294e-07
-9.68395e-08 -4.92353e-08 -3.05398e-08
-7.25181e-08 2.79947e-07 -1.90345e-07
-1.08255e-07 5.16352e-09 -1.75532e-07
5.02223e-08 2.37069e-07 -9.0047e-08
-2.4838e-07 -2.7445e-07 5.55617e-08
1.41354e-07 2.17557e-07 2.61164e-07
1.59941e-09 -5.65362e-08 2.43233e-07
5.26381e-08 -2.14571e-07 -3.79257e-08
1.73201e-07 4.38372e-08 2.57834e-08
-8.66745e-08 -1.7008e-07 6.90051e-08
-2.04991e-07 -1.96921e-07 1.16581e-08
-1.55328e-07 4.10491e-09 2.2124e-07
2.49083e-07 4.36708e-08 -8.25677e-08
5.79264e-08 -4.49161e-08 8.0456e-08
1.79807e-07 -2.11548e-07 4.87224e-08
1.94585e-08 -1.14165e-07 -1.74266e-07
2.0449e-07 -2.21076e-07 5.42974e-08
-2.50658e-07 -2.84849e-07 2.70704e-07
-2.55835e-07 2.8344e-07 1.30664e-08
4.86551e-08 2.89246e-08 2.76045e-07
1.64013e-07 -1.29969e-07 1.47991e-07
2.90644e-08 -2.17536e-07 -2.29974e-07
6.17662e-08 5.68847e-08 -6.04873e-09
-2.8178e-07 -2.83524e-07 1.54799e-07
2.35472e-07 3.05566e-08 2.22e-07
-1.82331e-08 -1.19728e-07 1.49994e-07
2.67151e-07 1.85464e-07 -6.52601e-08
-8.99969e-08 2.56104e-07 1.64029e-07
3.25808e-08 -1.73762e-07 8.73347e-08
-1.24138e-07 1.49428e-07 -2.62298e-07
2.31895e-07 -1.51048e-07 1.88196e-07
-1.38219e-07 2.62583e-07 2.03037e-08
-2.48166e-07 3.52656e-08 3.01339e-08
-5.18704e-08 1.47352e-07 1.06633e-07
-2.59722e-07 2.34588e-07 1.23593e-07
1.49917e-08 -2.07366e-07 1.59732e-07
6.01919e-09 -1.48014e-07 7.209e-08
-2.21108e-07 1.09605e-07 1.71818e-07
-2.48481e-09 2.78015e-09 1.49689e-07
9.96146e-08 -1.77824e-07 -2.35697e-07
-1.01401e-07 -2.40223e-08 -1.84344e-07
-8.41314e-08 -1.44059e-07 4.16581e-08
-2.13138e-07 -1.05437e-07 9.6678e-08
-5.54757e-08 2.81356e-07 1.07005e-07
-2.50092e-08 5.16956e-08 -8.72025e-08
-1.16667e-08 -1.75874e-07 1.71547e-07
2.75745e-07 -1.88802e-07 1.4874e-07
-1.63881e-07 -8.15173e-08 -1.21837e-07
-9.04168e-08 -8.16015e-09 -2.81183e-07
1.02451e-07 1.69411e-07 2.16375e-07
1.23219e-07 1.37632e-07 -2.72733e-07
-8.54096e-08 -1.79662e-07 -2.04531e-07
-1.4004e-07 3.95243e-08 -2.73772e-07
2.02762e-07 -2.8466e-07 1.48367e-07
-1.22299e-07 -2.7019e-07 -1.14567e-07
-2.30121e-07 8.73931e-08 2.43893e-07
1.97128e-08 -2.18781e-07 -9.38443e-09
2.8391e-07 -9.07637e-08 2.13826e-07
1.86275e-07 -8.4916e-08 6.04034e-08
-2.58856e-08 -5.32674e-08 1.03985e-07
1.65933e-07 -6.97308e-08 -1.26048e-07
-2.61904e-08 -1.65252e-07 2.38199e-07
-1.57548e-07 -2.08061e-07 -8.90565e-08
-2.03583e-07 5.41105e-09 -1.06803e-08
-8.91927e-08 -9.75158e-08 -1.38518e-07
-7.15003e-08 -1.3343e-07 2.40027e-07
-2.24151e-07 1.68911e-07 1.79752e-07
2.57394e-07 -4.76976e-08 -1.44821e-07
2.09015e-07 -6.26109e-08 -2.47637e-07
3.73927e-08 2.4384e-07 -2.80951e-07
1.42337e-07 2.55259e-07 -2.85702e-07
-1.94766e-07 -3.77372e-08 -2.06088e-08
2.30407e-07 6.31206e-08 2.65316e-07
1.87473e-07 3.19807e-08 -1.18745e-07
-2.79068e-07 6.20594e-08 3.3366e-08
3.51621e-08 -1.84441e-07 -1.63389e-08
1.54551e-07 -2.99213e-09 -6.8885e-08
1.82857e-07 -1.25357e-07 -1.93333e-07
-2.31283e-07 -1.31801e-07 2.61277e-07
1.45846e-07 2.44527e-07 2.56076e-07
1.05819e-08 -4.54933e-08 8.15779e-08
5.1993e-08 1.61392e-07 -1.00762e-07
2.74499e-07 -5.99056e-09 1.06222e-07
2.67596e-07 -1.97307e-07 -2.49562e-07
-1.91447e-07 4.32035e-08 2.5362e-07
-8.76439e-08 2.35615e-07 2.66977e-07
2.18503e-07 -1.88755e-07 2.31838e-07
2.3577e-08 8.893e-08 9.77013e-08
2.83333e-07 -1.88969e-07 2.75626e-07
1.51526e-07 7.56518e-08 9.66801e-08
1.68774e-08 9.32187e-08 -1.24453e-07
1.12508e-07 7.23917e-08 1.90398e-07
2.12172e-07 -7.89341e-08 -2.2414e-08
3.44512e-08 2.59994e-07 2.19319e-07
-7.51856e-08 9.05628e-08 1.73424e-09
1.65141e-07 3.71171e-08 -2.54255e-07
-1.6657e-07 -9.75813e-08 4.50302e-08
1.61051e-07 1.10367e-07 1.66309e-08
1.69304e-07 6.99485e-08 5.51485e-08
-1.97024e-07 1.76564e-07 1.04203e-07
1.68172e-07 -1.20641e-08 -1.42741e-07
6.69261e-08 3.19909e-08 -4.10998e-08
-2.80993e-07 2.30741e-07 -2.81532e-07
-2.73416e-07 2.85718e-07 1.84402e-07
1.83098e-07 1.68384e-07 -1.29273e-07
-2.33403e-07 1.45985e-07 1.49955e-07
-1.16726e-07 1.32886e-07 1.08579e-07
-9.41331e-08 -1.11624e-07 -9.1793e-10
1.54668e-07 -1.58792e-07 1.14755e-07
-1.81813e-07 -1.85021e-07 1.85092e-07
-2.81667e-09 -2.22875e-07 -1.16017e-07
4.85325e-08 9.51083e-08 1.41296e-07
5.49682e-08 2.35657e-07 -1.66373e-07
6.09741e-08 -1.17287e-07 -1.46338e-07
2.10356e-07 -1.26529e-07 1.38769e-08
2.15075e-07 1.99146e-07 1.29509e-07
-1.70121e-08 -1.48379e-07 -7.68636e-08
1.18137e-07 -8.64412e-08 1.25147e-07
-1.45647e-07 3.8373e-08 1.6512e-07
-1.8689e-07 1.22602e-07 1.28707e-07
2.83995e-07 -1.97932e-07 1.7795e-07
-5.30028e-08 6.94763e-08 1.07415e-07
-2.41436e-07 -9.01011e-08 -1.4309e-07
6.97178e-08 -1.81464e-07 -4.35889e-08
-2.42563e-07 2.09331e-08 2.82587e-07
-2.27541e-07 1.33911e-07 2.02415e-07
-1.84533e-08 -1.62499e-07 -2.12577e-07
1.88897e-07 1.30599e-07 2.3251e-07
1.02622e-07 1.06526e-07 1.49098e-07
-1.2522e-07 -8.30773e-08 -1.18876e-07
-2.63027e-07 1.87036e-07 4.98169e-08
6.73076e-08 -2.69275e-07 5.11536e-08
2.23164e-07 1.73132e-08 -1.4818e-08
-1.92866e-07 -1.82316e-07 2.06268e-07
2.09623e-07 2.12911e-07 -7.27829e-08
1.52343e-07 -2.55383e-07 -1.26021e-07
-1.46012e-08 1.49097e-07 5.56236e-08
-2.08154e-07 -1.82904e-07 -9.36901e-08
-2.70912e-07 4.27086e-08 -2.45112e-07
-7.35356e-08 -2.41231e-07 -1.34774e-07
6.82518e-08 2.19943e-07 -2.64761e-07
1.61586e-07 -2.72648e-07 1.10937e-08
-3.59752e-08 2.33578e-07 1.54837e-07
2.21047e-07 -1.60553e-07 -2.60165e-07
-2.25667e-07 -2.72091e-07 -1.71413e-07
2.19557e-07 -4.91895e-08 -1.54871e-07
-2.12456e-07 -2.71271e-07 -1.25785e-07
-2.63766e-07 7.67418e-08 -3.61931e-08
9.52574e-08 -2.14014e-07 2.83043e-07
1.32233e-07 -1.63411e-07 -1.07363e-07
2.00986e-07 -2.31875e-07 -9.48795e-08
-2.51034e-07 -1.949e-09 -1.7334e-07
2.01841e-07 -2.42687e-07 -1.26912e-07
1.75372e-07 -4.65158e-08 8.91526e-08
1.54921e-07 -1.38272e-07 -2.27054e-07
-2.07785e-07 -2.40626e-07 -1.16328e-07
-2.1605e-07 -1.63465e-07 -1.21703e-08
1.82015e-08 -1.20219e-07 9.54654e-08
-2.24921e-07 -7.03847e-08 -7.55986e-08
1.16755e-07 -9.9573e-08 1.05942e-07
-1.31773e-07 2.10809e-07 8.37609e-08
-2.65698e-07 -1.5549e-08 5.52842e-08
-4.80517e-08 2.8151e-07 -3.25488e-08
3.04618e-09 -1.9616e-07 2.59436e-07
-2.64132e-07 1.6149e-07 -1.98143e-08
-1.72689e-07 -2.32246e-07 4.06502e-08
1.32571e-07 -1.75626e-07 -4.97244e-08
2.00126e-07 7.43001e-08 1.71847e-07
-2.75882e-08 -1.12492e-07 2.3916e-07
-3.30137e-08 -1.06014e-07 -1.38234e-07
1.15014e-08 -2.28232e-07 7.9799e-08
-9.90358e-08 2.85031e-07 -1.08513e-07
-7.37747e-08 -7.96985e-08 1.64082e-07
-4.81856e-08 2.39816e-07 1.86151e-07
1.29177e-07 1.97276e-07 -1.39458e-07
8.39095e-08 -2.67587e-07 1.92762e-07
