400 7.09071e-18 -5.23723e-18 1.12173e-16 1.12519e-16 1.05202e-17
375 -6.18759e-18 -1.69706e-18 1.17491e-16 1.17666e-16 9.06512e-18
350 -6.73658e-18 2.35917e-18 1.26468e-16 1.2667e-16 1.00239e-17
325 -9.87988e-18 2.56321e-18 1.42612e-16 1.42977e-16 8.33261e-18
300 -5.62722e-18 -2.20541e-18 1.41982e-16 1.4211e-16 7.13487e-18
275 -9.7149e-18 -1.33902e-18 1.48682e-16 1.49005e-16 7.66103e-18
250 -1.07203e-17 9.2132e-18 1.62283e-16 1.62898e-16 5.318e-18
225 -8.59264e-18 4.22358e-18 1.71496e-16 1.71763e-16 4.59615e-18
200 -9.71771e-18 3.30907e-18 1.75518e-16 1.75817e-16 4.80101e-18
175 -1.23255e-17 4.90007e-19 1.75798e-16 1.76231e-16 4.06197e-18
150 -1.04808e-17 1.44348e-19 1.77463e-16 1.77773e-16 4.1237e-18
