2.04784e-07 2.09421e-07 2.06352e-07
1.15592e-07 1.74946e-07 2.90648e-07
7.55962e-08 9.28696e-08 6.5107e-08
6.31486e-08 3.06991e-07 6.26337e-08
1.14337e-07 2.25704e-07 1.18327e-07
1.66008e-07 1.7125e-07 1.08374e-07
1.15346e-07 1.66344e-07 2.40408e-07
1.19668e-07 2.70628e-07 3.84606e-07
1.47165e-07 2.81146e-07 6.2033e-08
3.51247e-07 1.36426e-07 8.78976e-08
2.14678e-07 2.53708e-07 2.07395e-07
1.46284e-07 2.26899e-07 2.85627e-07
1.93147e-07 2.67428e-07 1.86368e-08
3.65261e-07 1.71982e-07 2.52693e-07
3.29689e-07 3.39583e-08 1.19277e-07
3.08553e-07 4.78973e-08 2.72789e-07
1.90155e-07 5.02168e-08 2.17732e-07
3.63377e-07 1.67263e-07 3.53704e-07
1.39354e-07 1.6466e-07 2.79179e-07
7.83509e-08 3.60663e-07 3.72516e-07
9.56468e-08 1.15874e-07 1.96548e-07
1.00536e-07 3.10445e-07 3.47735e-07
1.87342e-07 1.80758e-07 1.98459e-07
2.01014e-07 2.29163e-07 2.14539e-07
2.00874e-07 5.56065e-08 1.49566e-07
3.91403e-07 3.51869e-07 3.00792e-07
3.31712e-07 1.40077e-07 9.63571e-08
2.50523e-07 2.68884e-07 2.645e-07
1.70057e-07 1.51958e-07 1.79992e-07
6.18969e-08 1.45727e-07 2.93584e-07
2.64762e-07 2.22005e-07 1.69152e-07
2.93601e-07 3.57232e-07 2.49741e-07
1.88446e-07 1.64022e-07 3.94514e-07
1.15777e-07 2.81383e-07 3.47545e-07
3.58072e-07 1.36056e-07 1.89312e-07
1.87076e-07 1.63363e-07 3.39182e-07
2.05619e-07 3.1766e-07 1.48524e-07
2.95337e-07 3.13915e-07 3.30278e-07
2.21084e-08 5.15072e-08 3.2582e-07
1.48671e-07 5.49338e-08 2.88086e-07
1.91505e-07 1.82215e-07 3.67948e-07
1.83607e-07 2.93369e-07 3.66123e-07
3.23538e-07 8.0963e-08 2.25142e-07
2.38544e-07 2.36501e-07 3.32981e-07
3.65814e-07 3.09547e-07 2.05103e-07
2.08298e-07 2.23505e-07 1.26738e-07
9.51999e-08 2.76942e-08 3.89057e-07
5.50829e-08 1.10385e-07 2.06735e-07
3.77468e-08 3.43338e-07 3.12033e-07
5.80734e-08 3.39137e-07 2.54314e-07
3.4102e-07 3.26223e-07 4.07228e-07
7.4033e-08 2.44946e-07 3.34017e-07
1.74249e-07 6.08739e-08 1.85893e-07
2.54243e-07 4.91441e-08 3.71511e-07
2.22178e-07 1.92493e-07 3.44377e-07
9.16402e-08 1.03061e-07 1.79429e-07
3.08487e-07 2.27079e-07 3.19059e-07
3.29724e-08 2.31825e-07 1.97136e-07
2.56753e-07 8.39403e-08 5.43352e-08
1.63871e-07 3.20115e-07 3.26838e-07
7.68365e-08 2.33094e-07 1.43446e-07
3.11999e-07 3.57675e-07 2.3607e-07
3.63363e-07 1.59089e-07 2.66994e-08
2.48854e-07 3.203e-07 3.7994e-07
3.46669e-07 4.69623e-08 2.84613e-07
1.15503e-07 1.57557e-07 3.68311e-07
1.87171e-07 1.74685e-07 1.32283e-07
1.73055e-07 3.2686e-08 8.02387e-08
2.85095e-07 1.23705e-07 3.02596e-07
7.42469e-08 9.93421e-08 1.15504e-07
3.00548e-07 2.45352e-07 1.40756e-07
2.59121e-07 3.21264e-07 2.27196e-07
3.25981e-07 3.07623e-07 3.8316e-07
6.7369e-08 1.26769e-07 3.02499e-07
3.29111e-07 2.82241e-07 3.52372e-07
2.94346e-07 2.94239e-07 1.93434e-07
2.77854e-07 2.56266e-07 3.60808e-07
6.92366e-08 2.93124e-07 1.65011e-07
1.46904e-07 3.60939e-07 1.17258e-07
2.17856e-07 3.11075e-07 3.25777e-07
1.64622e-07 1.17138e-07 5.83244e-08
2.72724e-08 1.94391e-07 2.99341e-08
2.48854e-07 2.72466e-07 3.76545e-07
3.89566e-08 9.36e-08 1.18832e-07
9.76725e-08 3.71182e-07 3.48557e-07
3.42434e-07 3.17317e-07 2.36601e-07
7.84398e-08 8.60845e-08 1.8238e-07
8.56141e-08 2.5961e-07 3.71956e-07
3.56522e-07 3.258e-07 3.7796e-07
1.93288e-07 1.89217e-07 2.95585e-07
1.24807e-07 2.11492e-07 3.46972e-08
1.63082e-07 1.23288e-07 3.01722e-07
2.51916e-07 3.77423e-07 1.10992e-07
1.25422e-07 3.82257e-07 2.61281e-07
1.61693e-07 1.78328e-07 1.28297e-07
1.28826e-07 3.62092e-07 8.33105e-08
2.45148e-07 7.1507e-08 3.36841e-07
2.63583e-07 2.83534e-07 2.37818e-07
2.77967e-07 2.256e-07 2.58616e-07
7.79904e-08 3.2964e-07 7.68202e-08
1.36944e-07 2.4618e-07 3.62508e-07
3.13309e-07 3.50822e-07 2.04085e-07
7.99857e-08 2.83254e-07 1.47659e-07
2.36772e-07 1.59336e-07 2.05237e-07
2.30916e-07 3.18833e-07 2.80809e-07
3.45021e-07 4.76636e-08 7.55775e-08
6.8116e-09 2.52398e-07 5.90756e-08
3.20461e-07 1.60536e-07 1.00917e-07
2.8056e-07 6.51704e-08 6.05239e-08
7.77219e-08 3.34901e-07 1.2383e-07
5.34428e-08 3.38833e-07 1.23979e-07
5.88532e-08 4.95231e-08 1.78819e-07
1.38791e-07 5.69919e-08 1.27093e-07
1.78693e-07 3.99512e-07 4.0752e-07
1.41609e-07 4.95406e-08 2.50759e-07
3.30121e-07 1.10094e-07 1.40671e-07
7.34535e-08 2.72601e-07 1.18045e-07
3.23758e-07 5.19127e-08 3.40061e-07
2.969e-07 1.60478e-07 8.31868e-08
2.627e-07 3.14988e-07 1.72793e-07
2.64351e-07 6.78502e-08 1.05362e-07
3.31715e-07 1.13912e-07 3.6887e-07
3.48744e-07 2.44919e-07 1.34249e-07
1.4452e-07 3.62198e-07 6.8513e-08
2.99787e-07 3.24518e-07 3.10992e-07
2.21275e-07 1.30368e-07 2.94685e-07
2.84896e-07 3.16194e-07 3.58037e-07
2.70724e-07 2.41345e-07 1.0465e-07
3.79346e-08 3.72849e-07 2.23884e-07
8.00889e-08 1.49052e-07 9.35872e-08
3.01961e-07 1.39286e-07 1.38157e-07
2.78609e-07 1.91048e-07 3.27071e-07
1.52372e-07 8.95423e-08 2.94953e-07
3.53313e-07 3.23854e-07 2.15201e-07
2.01517e-07 2.5428e-07 2.76907e-07
3.2182e-07 4.2636e-08 4.54108e-08
3.46799e-07 3.1128e-07 2.87192e-08
1.31355e-07 4.31311e-08 7.49192e-08
2.03312e-07 1.53455e-07 2.52731e-07
3.36672e-07 5.27968e-08 9.79911e-08
2.48407e-07 2.97409e-07 1.85673e-07
4.98766e-08 3.11188e-07 3.48074e-07
7.71276e-08 1.60096e-07 1.91877e-07
1.56088e-07 2.91609e-07 2.14906e-07
2.34969e-07 3.45328e-07 3.63196e-07
2.87266e-07 3.68405e-07 1.29722e-07
7.40162e-08 4.64271e-08 2.81004e-07
3.01234e-08 2.27351e-07 1.08973e-07
3.87876e-07 3.17588e-07 2.87571e-07
1.1435e-07 1.05133e-07 2.75651e-07
1.70222e-07 2.743e-07 1.28171e-07
1.2217e-07 2.1535e-07 1.48953e-07
2.27978e-07 2.84264e-07 8.84223e-08
8.97282e-08 2.12998e-07 3.10386e-07
8.37148e-08 3.8944e-07 2.70595e-07
1.46716e-07 1.7823e-07 1.55437e-07
3.15554e-07 2.6e-07 2.68377e-07
6.89285e-08 1.36699e-07 1.33946e-07
2.0424e-07 1.70196e-07 7.74793e-08
2.5675e-07 1.14938e-07 1.38036e-07
2.68009e-07 2.01436e-07 3.53564e-07
1.94614e-07 1.51294e-07 3.78054e-07
9.55847e-08 2.17002e-07 1.0267e-07
5.15211e-08 3.72667e-07 3.6859e-07
3.40786e-07 3.59304e-07 3.30308e-07
1.89507e-07 2.93628e-07 3.87064e-07
2.73601e-07 3.48261e-07 3.64046e-07
1.48584e-07 2.48417e-07 1.93114e-07
6.6199e-08 1.15072e-07 3.35779e-07
3.27769e-07 1.13073e-07 1.17567e-07
3.76355e-07 3.60895e-07 3.75446e-07
1.68142e-07 2.31681e-07 3.38791e-07
3.39612e-08 1.83583e-07 3.10059e-07
3.44035e-07 6.94171e-08 1.92083e-07
3.38467e-07 3.11015e-07 9.27844e-08
2.54602e-07 1.87302e-07 1.39584e-07
1.12912e-07 1.83324e-07 2.11537e-07
2.61288e-07 3.01796e-07 3.12957e-07
7.13437e-08 6.33296e-08 2.68028e-07
2.40668e-07 1.10587e-07 1.96087e-07
4.92251e-08 1.88931e-07 6.45294e-08
4.80471e-08 2.06075e-07 3.56056e-07
2.87073e-07 7.98492e-08 1.14008e-07
9.45462e-08 3.78221e-07 2.9936e-07
1.00628e-07 2.3011e-07 1.8924e-07
2.79033e-07 3.9646e-07 3.5462e-07
1.97148e-07 3.84911e-07 2.08748e-07
2.15327e-07 2.90949e-07 1.31525e-07
1.59364e-07 3.30609e-07 3.98011e-07
1.13938e-07 2.9789e-07 9.96731e-08
1.95361e-07 7.59688e-08 3.11492e-07
3.27891e-07 3.05475e-07 1.63226e-07
2.30265e-07 3.87911e-07 3.84394e-07
9.99135e-08 3.036e-07 1.71129e-07
3.58974e-07 9.30806e-08 9.8428e-08
2.0781e-07 2.08065e-07 2.27691e-07
2.90499e-07 3.66539e-07 9.96729e-08
2.58585e-07 3.26411e-07 1.32926e-07
8.49534e-08 3.55321e-07 2.19114e-07
3.32306e-07 1.86099e-07 1.77873e-08
2.75613e-07 2.56405e-07 3.03275e-07
3.14101e-07 2.8872e-07 1.61624e-07
2.60457e-07 1.15448e-07 1.78542e-07
3.01511e-07 3.95395e-07 3.83114e-07
2.49393e-07 4.14086e-08 2.68357e-07
3.45757e-08 1.64354e-07 5.18029e-08
6.79273e-08 3.86404e-08 1.05125e-07
3.06648e-07 5.34942e-08 1.49851e-07
2.3656e-07 7.4375e-08 3.14212e-07
2.75339e-07 6.3279e-08 2.73587e-07
1.25108e-07 1.94866e-07 1.01492e-07
1.79915e-07 3.24711e-07 3.94856e-07
2.15178e-07 9.45487e-08 2.65914e-07
6.9441e-08 2.24767e-07 2.51643e-07
1.15467e-07 1.67123e-07 1.18034e-07
2.80607e-07 1.56385e-07 2.54204e-07
2.6394e-07 1.9848e-07 3.07831e-07
3.82445e-07 2.21095e-07 3.30641e-08
1.13684e-07 3.70471e-07 3.22305e-07
3.88069e-07 3.96871e-07 2.71412e-07
3.73608e-07 1.02041e-07 3.64951e-07
2.75504e-07 2.20914e-07 1.5007e-07
2.55303e-07 2.88008e-07 5.88797e-08
1.84364e-07 2.89429e-07 1.93833e-07
2.50107e-07 7.08875e-08 3.88262e-07
3.37465e-07 3.59166e-07 5.3359e-08
3.07475e-07 3.17193e-07 2.31305e-07
1.00456e-07 3.21562e-08 2.43456e-07
3.20472e-07 3.34166e-07 1.0947e-07
3.79958e-08 1.42881e-07 3.37395e-07
2.333e-07 3.68507e-07 4.08475e-08
1.77356e-07 1.80921e-07 2.21488e-07
3.64449e-07 7.89762e-08 2.66997e-07
1.72342e-07 2.6106e-07 1.62144e-07
2.19113e-07 2.20199e-07 8.24924e-08
3.76369e-07 3.41292e-07 2.46455e-07
2.70718e-07 2.65385e-07 1.90203e-07
1.99438e-07 8.84729e-08 1.897e-07
3.54147e-07 1.25742e-07 3.88568e-07
2.15469e-07 2.17906e-07 3.86462e-07
3.2468e-07 3.25125e-07 1.3571e-07
2.87566e-07 3.123e-07 3.79273e-07
2.84229e-07 3.14749e-07 1.71656e-07
2.99874e-07 1.11045e-07 4.51647e-08
1.36097e-07 3.48028e-07 1.94302e-07
1.83429e-07 2.27201e-07 1.60437e-07
1.00871e-08 2.24373e-07 1.57464e-07
4.00395e-08 5.56561e-08 3.36911e-07
3.29192e-07 8.04084e-08 1.01657e-07
2.90436e-07 1.24992e-07 3.037e-08
3.21416e-07 2.27788e-07 6.32812e-08
1.22868e-07 6.04957e-08 2.1682e-07
3.07789e-07 1.78045e-07 3.17257e-07
2.02309e-07 3.81937e-07 6.54436e-08
2.08481e-07 3.89335e-08 9.80267e-08
1.74608e-07 1.4743e-07 6.73143e-08
3.74692e-07 2.64794e-07 6.95042e-08
2.13756e-07 2.7773e-07 2.56561e-07
1.72085e-07 2.06072e-07 2.09516e-07
1.77643e-07 9.88195e-08 1.69301e-07
2.74464e-07 8.34533e-08 7.66892e-08
2.62905e-08 3.98775e-07 8.52105e-08
4.99264e-08 6.38593e-08 2.69526e-07
2.61613e-07 2.51294e-07 2.72651e-07
2.56987e-07 7.80976e-08 2.64432e-07
9.58596e-08 2.4831e-07 2.37217e-07
1.64624e-07 2.95872e-07 2.98655e-07
2.82007e-07 3.6049e-07 1.50129e-07
1.44833e-07 1.51196e-07 2.60812e-07
1.06695e-07 1.0133e-07 2.18487e-07
1.09619e-07 1.51625e-07 4.97795e-08
6.79824e-08 1.97288e-07 3.23974e-07
2.18602e-07 3.90821e-07 5.41986e-08
8.39277e-08 9.17035e-08 2.86048e-07
2.12999e-07 3.35109e-08 2.34739e-07
1.15191e-07 2.415e-07 2.27668e-07
2.29831e-07 3.55815e-07 8.32092e-08
1.08512e-07 1.10538e-07 2.55511e-07
2.70391e-07 1.89547e-07 8.86735e-08
1.71754e-08 7.49178e-08 1.71596e-07
2.02853e-07 1.99764e-07 4.10006e-08
2.55498e-07 2.68962e-07 1.71557e-07
3.07118e-07 1.57135e-08 1.28775e-07
1.82856e-07 2.64691e-07 8.21608e-08
2.64814e-08 3.77329e-07 2.83134e-07
1.49563e-07 3.197e-07 3.61702e-07
2.7771e-07 1.52111e-07 3.93509e-07
2.09262e-07 3.09717e-07 6.36557e-08
1.77709e-07 7.39211e-08 1.46584e-07
2.77168e-07 1.60593e-07 1.03643e-07
6.81981e-08 3.53618e-07 1.2903e-07
6.46188e-08 1.0005e-07 9.04989e-08
3.70131e-07 2.6112e-07 3.37191e-07
1.28474e-07 3.27009e-07 1.3098e-07
6.58781e-08 3.84684e-07 2.81771e-07
3.48819e-07 2.91563e-07 2.48661e-07
3.26325e-07 2.7229e-07 2.10581e-07
8.73089e-08 3.4636e-07 3.58485e-07
1.51367e-07 3.28578e-07 2.89936e-07
1.63656e-07 1.64931e-07 5.82609e-08
1.06493e-07 1.95022e-07 1.80979e-07
1.5114e-07 3.82214e-07 1.16883e-07
2.99312e-07 3.6326e-07 2.69524e-07
2.90048e-07 9.57189e-08 6.84827e-08
3.05199e-07 6.71362e-08 3.7843e-08
5.06842e-08 2.05453e-07 1.26459e-07
7.1923e-08 3.19846e-07 2.30782e-07
1.03839e-07 4.35392e-08 3.60676e-07
1.79532e-07 3.62954e-07 2.83304e-07
2.83749e-07 1.02438e-07 1.29089e-07
1.37515e-07 2.52317e-07 1.36341e-07
2.72011e-07 3.10286e-07 1.98785e-07
2.98921e-07 2.75058e-07 2.58207e-07
7.96549e-08 1.78996e-07 2.75622e-07
3.25049e-07 2.92351e-07 1.23694e-07
2.79706e-07 2.32122e-07 1.32147e-07
1.10688e-07 1.48154e-07 1.40729e-07
1.83366e-07 6.39182e-08 7.55061e-08
2.51919e-07 9.51799e-08 3.58151e-07
2.11397e-07 7.53711e-08 2.40196e-07
3.29571e-07 3.04135e-07 2.25191e-07
3.10093e-07 2.21391e-07 9.33017e-08
2.83676e-07 1.93443e-07 5.36012e-08
3.75356e-07 4.35175e-08 2.42417e-07
1.52806e-07 2.64449e-07 1.53618e-07
2.76268e-07 3.51735e-07 2.88316e-07
5.26399e-08 1.31758e-07 2.06395e-07
3.37339e-07 3.01964e-07 2.03141e-07
1.70204e-07 6.74614e-08 3.24846e-07
9.387e-08 6.82968e-08 3.85364e-07
1.94936e-07 2.90521e-07 1.09463e-07
2.5225e-07 2.13254e-07 3.44197e-07
1.27149e-07 1.85408e-07 1.61322e-07
3.7721e-07 3.61179e-07 3.97237e-07
2.64505e-07 3.51823e-07 1.597e-07
2.0276e-07 2.16944e-08 2.1995e-07
1.8991e-07 2.60088e-07 1.35526e-07
1.47444e-07 9.85012e-08 3.75841e-07
2.50762e-07 3.44367e-07 1.41845e-07
1.75932e-07 3.34299e-07 2.56748e-07
3.00487e-07 3.4952e-07 5.87428e-08
1.00588e-07 2.20955e-07 2.75647e-07
1.85898e-07 3.9443e-07 3.18633e-07
3.02125e-07 3.00401e-07 1.48141e-07
3.22072e-07 2.00363e-07 3.11135e-07
3.83325e-07 2.03917e-07 2.12101e-07
3.61756e-07 2.45404e-07 3.25172e-07
1.13366e-07 8.95884e-08 9.32262e-08
1.042e-07 2.21891e-07 1.58925e-07
2.39972e-07 1.02871e-07 1.48603e-07
2.58168e-07 3.36125e-07 1.73045e-07
1.94591e-07 1.08619e-07 2.49169e-07
2.47604e-07 2.06882e-07 2.38661e-07
2.60266e-07 1.48531e-07 2.4169e-07
7.62237e-08 2.18395e-07 9.23734e-08
1.54653e-07 3.01842e-07 1.34614e-07
1.7324e-07 1.54929e-07 3.53357e-07
2.92641e-07 1.12294e-07 2.79214e-07
2.70471e-07 1.2439e-07 9.06583e-08
9.28122e-08 1.10761e-07 1.15356e-07
2.43454e-07 2.35179e-07 1.56634e-07
1.24971e-07 4.86278e-08 2.72208e-07
1.9648e-07 1.55697e-07 2.13687e-07
3.24685e-07 1.19438e-07 2.75037e-07
1.25723e-07 1.53259e-07 6.40389e-08
3.36534e-07 2.42257e-07 3.55661e-07
1.46747e-07 2.03044e-07 5.79197e-08
7.42161e-08 1.81953e-07 3.74631e-07
3.03763e-07 1.96049e-07 3.9618e-07
2.99588e-07 1.40757e-07 1.86149e-07
6.21739e-08 3.11683e-08 1.67968e-07
1.76316e-07 1.18118e-07 3.80502e-07
6.70823e-08 1.27505e-07 2.70718e-07
2.06392e-07 3.84658e-07 2.56251e-07
3.01553e-07 5.22343e-08 1.95387e-07
1.37683e-07 2.13945e-07 2.21525e-07
2.80569e-07 3.15695e-07 3.90953e-08
2.63626e-07 4.31811e-08 1.60584e-07
3.23468e-07 1.80667e-07 2.9926e-07
3.67836e-07 1.1737e-07 1.84231e-07
3.28215e-07 2.64682e-07 7.71049e-08
1.43781e-07 6.51634e-08 2.12825e-07
2.56124e-07 2.81369e-07 3.17263e-07
2.00598e-07 2.08153e-07 2.13654e-08
1.16884e-08 2.36097e-07 1.16483e-07
5.95109e-08 3.61232e-07 3.17159e-07
1.78022e-07 3.5192e-07 2.12399e-07
1.73071e-07 1.18328e-07 1.61299e-07
4.86128e-08 3.51462e-07 3.71019e-07
3.75061e-07 1.23877e-07 3.32678e-07
6.22892e-08 2.38338e-07 1.02522e-07
2.09763e-07 2.01927e-07 1.22772e-07
4.50387e-08 7.75982e-08 3.65696e-07
2.9228e-07 4.07438e-08 2.13036e-07
3.80403e-07 2.21893e-07 2.00632e-07
3.72099e-07 1.33358e-07 2.83794e-07
1.78895e-07 3.30173e-07 1.52145e-07
3.70377e-07 8.16745e-08 1.63791e-07
1.24013e-07 1.89996e-07 1.923e-07
1.24387e-07 9.38791e-08 1.7449e-07
1.61067e-07 2.78005e-07 2.37803e-07
1.44812e-07 2.95312e-07 2.7183e-07
3.02736e-07 7.2498e-08 1.87639e-07
2.43941e-07 7.4392e-08 1.04354e-07
6.75436e-08 3.0968e-07 9.32365e-08
1.20349e-07 1.3341e-07 2.92047e-07
1.21804e-07 6.14684e-08 1.08604e-07
1.76095e-07 3.56894e-08 2.10012e-07
2.07189e-07 1.05691e-07 1.49756e-07
1.65226e-07 2.36003e-07 2.24695e-07
2.86528e-07 1.70715e-07 1.55143e-07
2.32468e-07 2.70461e-07 1.58337e-07
1.31398e-07 1.93424e-08 3.71182e-08
3.41841e-07 1.42404e-07 1.76146e-07
3.44491e-07 2.71687e-07 2.91563e-07
3.17393e-07 7.54705e-08 2.87764e-07
1.26604e-07 1.77279e-07 4.95139e-08
3.44291e-07 1.4318e-07 2.31977e-07
2.15575e-07 1.24836e-07 3.147e-07
1.1147e-07 2.09441e-07 2.38373e-07
3.48124e-07 4.74967e-08 4.17191e-08
2.78972e-07 8.61699e-08 2.99974e-07
1.24798e-07 2.60574e-07 2.37134e-07
3.39198e-07 1.27842e-07 3.16712e-07
3.03447e-07 3.61255e-07 1.80359e-07
4.61445e-08 1.70802e-07 3.45526e-07
3.02079e-07 3.27594e-07 3.83252e-07
1.57597e-07 3.71464e-07 2.45466e-07
1.38421e-07 1.2656e-07 2.1225e-07
1.882e-07 2.08767e-07 3.64308e-07
3.256e-07 1.33447e-07 3.36288e-07
2.01043e-07 2.10385e-07 1.42136e-07
2.84645e-07 2.20126e-07 1.86245e-07
3.39768e-08 7.28031e-08 1.21123e-07
3.67682e-07 3.80032e-07 3.80584e-07
3.22874e-07 2.41231e-07 2.48557e-07
2.65196e-07 2.98683e-07 2.75663e-07
2.75752e-07 2.79029e-07 2.06003e-07
1.56518e-07 1.68119e-07 3.56283e-07
3.08427e-08 2.00556e-07 1.33639e-07
7.51719e-08 1.99976e-07 2.22841e-07
4.27665e-08 3.37536e-07 1.93455e-07
8.98826e-08 2.87469e-07 1.81228e-07
3.11539e-07 2.65846e-07 3.30148e-07
2.64255e-07 1.01729e-07 3.01341e-07
9.91287e-08 3.34431e-07 1.20902e-07
3.39343e-07 3.65324e-07 9.88786e-08
1.86131e-07 3.6914e-07 3.91829e-07
7.24204e-08 6.60124e-08 3.88076e-07
2.08864e-07 3.3519e-07 1.14674e-07
6.10872e-08 2.72514e-07 1.45696e-07
1.35151e-07 2.32626e-07 5.18103e-08
9.34085e-08 2.70427e-07 1.26101e-07
2.58667e-07 1.59923e-07 1.79415e-07
2.78365e-07 4.10115e-07 2.83884e-07
1.64164e-07 1.37841e-07 2.40103e-07
3.28187e-07 3.28958e-08 2.51696e-07
3.7174e-07 7.35799e-08 3.7631e-07
1.0862e-07 1.49592e-07 3.1595e-07
2.00807e-07 2.14861e-07 3.47881e-07
2.5029e-07 1.79845e-07 2.14213e-07
2.28255e-07 3.56295e-07 1.98078e-07
2.95887e-07 1.97153e-07 1.99894e-07
3.44468e-07 1.29468e-07 2.68122e-07
2.80021e-07 2.02434e-07 2.13729e-07
4.88595e-08 4.64411e-08 1.59818e-07
2.20961e-07 1.95221e-07 2.03031e-07
2.01364e-07 5.71334e-08 2.34824e-07
1.77054e-07 1.4708e-07 1.9975e-07
3.35035e-07 5.465e-08 5.73037e-08
3.43464e-07 9.51567e-08 1.31651e-07
2.35607e-07 9.40859e-08 7.94986e-08
3.12972e-07 3.51614e-07 1.55372e-07
1.05423e-07 2.90614e-07 1.44946e-07
2.4835e-07 2.84711e-07 1.34511e-07
1.1057e-07 3.97046e-07 2.67565e-07
9.87286e-08 2.44167e-07 2.05496e-07
3.31355e-07 2.36588e-07 8.01488e-08
2.186e-07 1.15923e-07 1.88954e-07
3.38341e-07 2.98465e-07 1.4581e-07
2.17213e-07 3.33403e-07 2.8968e-07
1.57011e-07 1.64522e-07 2.48395e-07
2.4352e-07 3.49926e-07 2.46459e-07
2.55384e-07 2.28129e-07 1.87634e-07
2.93521e-07 1.71728e-07 3.62609e-07
4.76722e-08 2.25077e-08 7.20957e-08
1.69753e-07 2.52062e-07 1.38353e-07
3.6053e-07 1.85981e-07 1.86268e-07
3.23417e-07 2.51186e-07 3.40691e-07
1.09156e-07 3.76188e-07 2.32477e-07
2.02237e-07 1.94146e-07 3.53374e-07
2.47393e-07 1.69618e-07 7.22986e-08
3.4696e-07 1.18772e-07 5.93067e-08
6.29714e-08 2.02417e-07 2.76359e-07
3.69491e-08 1.10932e-07 1.94685e-07
3.52163e-07 1.25891e-07 2.87921e-07
2.08664e-07 2.0314e-07 3.7225e-07
4.93172e-08 3.04592e-07 8.28389e-08
3.11424e-07 1.24804e-07 2.06961e-07
1.05444e-07 2.20695e-07 3.54107e-08
2.59116e-07 3.13648e-07 1.12563e-07
1.1489e-07 1.14803e-07 3.01444e-07
1.9742e-07 2.75189e-07 1.84358e-07
1.99723e-07 2.36039e-07 9.02821e-08
9.1015e-08 1.40551e-07 1.44669e-07
8.5389e-08 1.8419e-07 5.8007e-08
3.40675e-07 2.98119e-07 2.99913e-07
2.2454e-07 2.60908e-07 2.48012e-07
2.61146e-07 2.57767e-08 3.5392e-07
2.09237e-07 5.06963e-08 1.16464e-07
2.30828e-07 2.52256e-07 1.74888e-07
3.76381e-07 4.73405e-08 4.58695e-08
2.11547e-07 2.10066e-07 2.54241e-07
1.34415e-07 2.34188e-08 1.60875e-08
6.88561e-08 3.54127e-07 1.07554e-07
2.78775e-07 7.5785e-08 3.19207e-07
2.28837e-07 2.53795e-07 3.08283e-07
3.34256e-07 2.9287e-07 2.75973e-07
2.05203e-07 2.782e-07 3.29989e-08
1.51683e-07 3.23131e-07 1.30819e-07
4.25837e-08 1.42864e-07 3.58461e-07
3.16679e-07 3.68128e-08 3.53693e-07
3.13988e-07 2.23853e-07 2.39431e-07
5.46207e-08 3.71958e-07 8.14177e-08
2.41397e-07 1.07946e-07 1.10651e-07
2.08302e-07 2.56576e-07 1.87016e-07
1.05448e-07 1.22118e-07 2.24756e-07
1.16588e-07 1.40551e-07 1.21317e-07
1.90648e-07 3.65492e-07 2.01194e-07
3.27271e-07 6.23722e-08 1.7982e-07
3.54204e-07 2.884e-07 1.34941e-07
1.01766e-07 1.71846e-07 1.01668e-07
3.55373e-07 2.99515e-07 3.38303e-07
1.44252e-07 1.45733e-07 3.65702e-08
3.00373e-07 2.93309e-07 2.33285e-07
3.40174e-07 6.18624e-08 3.49808e-07
2.39632e-07 3.09377e-07 3.46192e-08
3.62807e-07 3.31702e-07 2.32794e-07
1.66852e-07 2.16732e-07 2.82352e-07
1.87546e-07 1.48136e-07 8.48249e-08
3.49424e-07 1.70195e-07 1.76747e-07
6.33824e-08 1.63425e-07 3.7653e-07
2.67043e-07 2.91899e-07 3.64377e-07
1.85793e-07 2.06693e-07 8.2306e-08
3.46214e-07 2.02891e-07 2.99278e-07
3.79508e-07 4.01682e-07 8.66689e-08
1.79041e-07 1.89982e-07 1.79264e-07
4.77809e-08 3.02205e-07 1.22004e-07
2.38122e-07 5.93036e-08 4.73701e-08
3.55521e-07 1.00663e-07 6.72038e-08
2.35294e-07 3.13784e-07 1.92041e-07
2.96544e-07 2.53459e-07 3.71818e-07
1.54045e-07 6.87612e-08 3.97288e-08
3.49321e-08 1.13953e-07 3.68386e-07
8.27794e-08 2.23623e-07 1.62326e-07
1.17502e-08 2.06154e-07 5.84781e-08
3.33441e-07 1.47472e-07 2.63134e-07
2.71898e-07 2.0223e-07 2.51551e-07
2.0081e-07 2.46257e-07 2.47404e-07
2.65271e-07 3.71038e-07 3.36731e-07
1.05289e-07 8.98121e-08 3.39368e-07
1.36261e-07 3.21403e-07 2.47586e-07
1.16983e-07 2.82355e-07 3.2585e-07
2.0253e-07 2.3797e-07 1.11906e-07
1.22958e-07 3.26067e-07 7.97039e-08
3.88793e-07 3.46599e-07 3.36857e-07
1.6612e-07 9.22777e-08 2.39579e-07
2.80346e-07 1.03572e-07 5.00834e-08
7.84795e-08 5.54881e-08 1.71312e-07
1.0058e-07 1.51639e-07 2.84142e-07
1.16954e-07 1.99002e-07 2.80292e-07
3.02558e-08 5.59967e-08 2.75214e-07
8.41999e-08 4.92518e-08 3.67497e-07
3.76695e-07 7.26893e-08 2.94333e-07
2.72746e-07 3.42536e-07 1.33633e-07
3.27386e-07 3.73721e-07 1.82047e-07
2.2882e-07 9.1611e-08 1.04453e-07
2.75928e-07 1.62787e-07 3.53848e-07
2.68776e-08 1.11849e-07 8.63013e-08
3.74803e-07 3.60152e-07 2.10721e-07
1.96137e-07 3.56644e-07 4.01755e-08
3.55809e-07 3.72167e-07 3.39031e-07
2.713e-07 9.29235e-08 2.55404e-07
6.21471e-08 1.95154e-07 4.09435e-08
7.58296e-08 3.35111e-07 2.42726e-08
3.74359e-07 1.41796e-07 4.70105e-08
2.84462e-07 3.38455e-07 2.38333e-07
1.85416e-07 7.78282e-08 3.5064e-07
8.74296e-08 1.71469e-07 3.36314e-07
3.00004e-07 1.86153e-07 3.77337e-07
3.55701e-07 3.23499e-07 3.1318e-07
1.3873e-07 2.73622e-07 1.32967e-07
5.07014e-08 2.20569e-07 1.06183e-07
3.08626e-07 6.35202e-08 1.69005e-07
2.62143e-07 9.50123e-08 1.10302e-07
3.56935e-07 3.72664e-08 2.32608e-07
2.53895e-07 4.95968e-08 1.41244e-07
1.87482e-07 7.97301e-08 2.91504e-07
2.74418e-07 1.94491e-07 1.35394e-07
1.62129e-07 1.62342e-07 8.91679e-08
1.90304e-07 6.00976e-08 3.26509e-07
1.6199e-07 1.27931e-07 1.92162e-07
9.14533e-08 3.24325e-07 2.49258e-07
2.77262e-07 4.44724e-08 7.93409e-08
3.50238e-07 2.99752e-07 4.68217e-08
1.79085e-07 5.89595e-08 1.6496e-07
2.24658e-07 1.10103e-07 2.8843e-07
2.04133e-07 1.22426e-07 3.73439e-07
7.59977e-08 3.70677e-07 1.39571e-07
7.70081e-08 7.4218e-08 7.79257e-08
2.23345e-07 2.78151e-07 3.57964e-07
2.82814e-07 2.33882e-07 2.09463e-07
2.26389e-07 4.74859e-08 2.63257e-07
2.72142e-07 2.25749e-07 7.53525e-08
2.9612e-07 9.93521e-08 1.11576e-07
1.89562e-07 1.5047e-07 3.09398e-07
4.75071e-08 2.10152e-07 2.1873e-07
1.69338e-07 2.50633e-07 1.99515e-07
1.93863e-07 1.94439e-07 2.17677e-07
1.9028e-07 2.19677e-07 2.7734e-07
2.81707e-07 1.98263e-07 2.9291e-07
1.68641e-07 2.91095e-07 1.67456e-07
2.54529e-07 3.05182e-07 1.32238e-07
3.38552e-07 1.05651e-07 3.87806e-07
1.57761e-07 2.49363e-07 3.32491e-07
1.64259e-07 8.93933e-08 6.92625e-08
2.2559e-07 1.56827e-07 1.74074e-07
2.37544e-07 2.13969e-07 7.2815e-08
3.02309e-07 3.74223e-07 3.07438e-07
1.3469e-07 3.08347e-07 1.39934e-07
1.89892e-07 1.58533e-07 5.70421e-08
3.22727e-07 3.86013e-07 1.19471e-07
3.47972e-07 1.80132e-07 1.42342e-07
1.06465e-07 5.05794e-08 2.83423e-07
9.69711e-08 1.7193e-07 2.50715e-07
7.24866e-08 2.25848e-07 3.08165e-07
3.0907e-07 8.77819e-08 7.4901e-08
2.1072e-07 3.92013e-07 3.66147e-07
3.81868e-07 1.70063e-07 2.50438e-08
2.85968e-08 6.77352e-08 1.41711e-07
3.41627e-07 3.72549e-07 2.36628e-07
1.0956e-07 1.26052e-07 5.38944e-08
1.14141e-07 3.1393e-07 3.64057e-07
1.59798e-07 3.41884e-07 2.69156e-07
1.981e-07 1.09709e-07 1.8591e-07
3.67357e-07 2.88572e-07 1.9416e-07
8.05563e-08 2.85262e-07 3.18133e-07
2.06668e-07 2.71627e-07 3.45987e-07
9.32602e-08 2.30655e-07 2.93759e-07
3.59138e-07 6.22902e-08 1.66805e-07
3.3944e-07 2.95765e-07 7.68668e-08
2.59757e-07 9.43812e-08 1.31695e-07
1.65372e-07 6.81081e-08 2.6448e-07
4.42378e-08 8.33679e-08 2.32112e-07
1.50282e-07 1.91121e-07 3.12117e-07
2.55619e-07 5.4143e-08 3.29303e-07
3.59973e-07 2.36242e-07 2.84892e-07
2.30803e-07 2.00387e-07 2.808e-07
2.55722e-07 1.97718e-07 1.02689e-07
1.10829e-07 3.51026e-07 3.02115e-07
3.48036e-07 2.5099e-07 2.27508e-07
1.15537e-07 2.06022e-07 1.30701e-07
2.83521e-07 1.61527e-07 6.293e-08
2.43394e-07 2.73232e-07 6.91385e-08
2.47434e-07 1.49047e-07 5.88187e-08
6.61354e-08 7.14638e-08 2.87241e-07
1.66138e-07 4.14304e-08 9.90103e-08
2.84557e-08 1.39308e-07 2.97836e-07
1.98903e-07 3.32049e-07 1.33416e-07
1.18461e-07 3.4785e-07 1.82418e-08
2.14875e-07 4.11036e-08 2.80282e-07
1.66741e-07 7.14166e-08 3.59597e-07
1.48852e-07 3.74082e-07 2.70102e-07
3.43766e-07 1.97649e-07 2.47105e-07
1.51885e-07 2.70011e-07 3.34753e-07
2.83484e-07 7.19531e-08 1.78085e-07
5.61219e-08 3.60847e-07 4.4076e-08
7.9306e-08 3.6858e-07 2.42014e-07
2.71128e-07 1.24356e-07 3.47566e-07
3.22839e-07 1.01143e-07 3.39743e-07
1.48671e-07 5.67192e-08 3.55385e-07
3.1746e-07 1.27084e-07 3.17397e-07
3.71801e-07 2.54496e-07 2.8509e-07
1.39853e-07 1.8471e-07 1.19044e-08
1.43876e-07 9.66536e-08 3.26529e-07
3.28095e-07 3.10226e-07 2.87351e-07
2.49721e-07 2.69554e-07 1.92266e-07
2.78367e-07 5.49194e-08 1.90426e-07
9.71062e-08 1.91937e-07 2.7595e-07
3.14929e-07 2.14208e-07 1.56796e-07
1.00799e-07 2.82643e-07 3.10923e-07
1.69791e-07 2.92548e-07 2.51283e-07
1.4763e-07 1.76778e-07 2.63359e-07
2.52279e-07 3.72175e-07 3.69479e-07
1.49388e-07 8.07111e-08 2.4748e-07
4.16326e-08 3.4323e-07 1.57781e-07
2.32602e-07 1.82447e-07 1.36072e-07
1.22407e-07 5.46251e-08 3.25782e-07
4.51751e-08 3.50334e-07 5.94215e-08
8.72552e-08 3.34843e-07 2.67506e-07
3.06544e-07 3.22174e-07 1.80213e-07
1.54247e-07 1.13788e-07 1.51925e-07
2.01794e-07 2.73836e-07 3.12489e-07
3.08844e-07 1.57957e-07 3.69156e-07
1.66225e-07 1.31491e-07 2.60633e-07
1.73021e-07 3.2428e-07 9.6237e-08
2.65288e-07 2.83661e-07 3.36711e-07
1.36052e-07 3.14464e-07 2.27199e-07
2.21375e-07 2.84022e-07 2.97451e-07
2.00728e-07 3.05055e-07 4.44693e-08
1.90287e-07 3.06383e-07 2.82419e-07
3.69089e-07 1.25071e-07 3.4493e-08
5.26265e-08 3.96823e-07 1.58991e-07
1.70703e-07 1.4897e-07 2.22943e-07
1.60362e-07 3.59695e-07 2.27419e-07
1.21704e-07 2.24912e-07 1.85945e-07
2.28683e-07 2.15981e-07 2.66202e-07
1.98882e-07 3.25104e-07 5.2899e-08
1.7323e-07 2.0329e-07 2.55252e-07
3.72681e-07 3.3959e-07 3.74186e-07
1.47862e-07 3.42175e-07 2.25256e-07
1.21687e-07 1.54652e-07 2.8722e-07
2.38584e-07 2.75521e-07 4.81506e-08
1.05011e-07 6.05685e-08 1.59833e-07
3.75655e-07 1.36236e-07 3.50271e-07
2.97364e-07 2.13653e-07 3.0625e-07
1.61731e-07 7.01562e-08 2.96371e-07
3.66464e-07 3.50232e-07 1.36081e-07
2.90216e-07 2.85139e-07 2.99511e-07
1.68812e-07 1.82098e-07 3.99093e-07
3.07668e-07 3.28767e-07 3.48903e-07
3.11191e-07 6.63409e-08 7.58806e-08
2.94956e-07 2.41237e-07 1.19511e-07
3.10506e-07 2.76242e-07 2.24566e-07
9.69727e-08 1.57814e-07 1.99993e-07
3.59387e-07 3.55737e-07 1.93136e-07
1.29276e-07 2.77996e-07 2.25317e-07
3.39253e-08 3.44018e-07 3.5701e-07
4.90905e-08 1.10575e-07 1.54326e-07
4.49065e-08 1.56957e-07 2.16405e-07
2.72693e-07 2.81803e-07 1.68093e-07
1.53056e-08 4.12174e-07 9.8029e-08
1.7993e-07 2.48703e-07 2.52614e-07
2.35681e-07 3.85365e-08 1.43847e-07
1.28362e-07 2.49102e-07 8.57258e-08
1.83307e-07 2.85009e-07 2.98041e-07
3.68974e-07 3.38463e-07 3.40628e-07
1.40695e-07 2.30844e-07 1.36268e-07
3.74691e-07 3.66341e-07 2.68409e-07
3.29171e-07 3.77405e-07 4.53115e-08
2.86279e-07 1.5436e-07 3.07079e-07
3.5859e-07 2.10174e-07 3.53609e-07
1.78374e-07 2.49387e-07 6.76716e-08
2.28524e-07 2.64686e-07 1.92379e-07
0 2.0136e-07 8.36735e-08
2.55477e-07 1.39724e-07 8.86075e-08
3.5672e-07 2.75069e-07 5.84931e-08
1.83555e-07 3.91531e-07 3.67042e-07
3.65273e-07 2.90591e-07 1.62494e-07
9.19477e-08 9.8525e-08 5.04254e-08
8.56445e-08 1.82717e-07 3.56216e-07
8.71038e-08 3.49837e-07 2.82925e-07
2.26113e-07 1.60124e-07 1.50479e-07
3.5245e-07 3.80975e-07 2.53288e-07
3.07983e-07 1.57456e-07 3.96498e-07
6.28168e-08 3.54998e-07 7.10979e-08
2.64093e-07 1.65112e-07 2.01384e-07
2.78243e-08 2.26018e-07 8.766e-08
1.70063e-07 3.71116e-07 2.05916e-07
1.96642e-07 1.21421e-07 2.93656e-07
2.25546e-08 1.08309e-07 1.29918e-07
2.81945e-07 5.63195e-08 1.63103e-07
2.70585e-07 1.08331e-07 2.4047e-07
2.94373e-07 2.83738e-07 2.77469e-07
2.40992e-07 2.41979e-07 2.83468e-07
2.96724e-07 2.60173e-07 2.10921e-07
3.52379e-07 2.54656e-07 4.98182e-08
2.91162e-07 6.969e-08 2.34333e-07
2.49611e-07 1.20203e-08 2.90691e-07
1.23255e-07 2.21121e-07 7.61586e-08
2.75073e-07 2.19021e-07 3.20598e-07
2.91748e-07 1.27333e-07 9.03216e-08
2.96552e-07 3.66805e-08 7.3394e-08
3.20338e-07 1.0467e-07 4.13187e-08
1.56438e-07 3.15173e-07 3.06997e-07
3.31466e-07 2.34571e-07 2.6727e-07
1.94137e-07 1.40996e-07 3.49801e-07
2.07917e-07 3.44584e-07 5.37995e-08
2.84278e-07 5.11947e-08 3.55791e-07
1.37194e-07 3.56132e-07 1.51577e-07
4.61126e-08 2.51417e-08 3.6165e-07
2.92205e-07 1.64317e-07 3.83146e-07
5.1195e-08 2.69251e-07 2.23106e-07
3.76816e-07 3.27122e-07 3.14506e-07
2.18588e-07 9.57078e-08 2.41681e-07
1.86879e-07 2.79304e-07 1.65977e-07
6.48738e-08 1.78394e-07 5.41626e-08
3.74989e-07 3.06136e-07 1.84453e-07
2.97043e-07 6.16537e-08 2.15226e-07
1.92785e-07 2.54818e-07 1.72033e-07
3.66898e-07 2.33037e-07 1.3574e-07
1.57278e-07 2.6321e-07 6.88298e-08
3.75325e-07 1.52487e-07 1.72501e-07
8.48997e-08 2.65113e-07 7.79344e-08
1.01713e-07 4.84504e-08 3.89413e-07
2.24302e-07 2.26825e-07 1.12652e-07
2.90551e-08 3.17809e-07 2.34644e-07
3.70604e-07 3.59154e-07 1.17004e-07
2.35515e-07 3.6435e-07 2.16698e-07
1.42753e-07 1.26974e-07 3.56344e-07
3.2663e-07 2.04845e-07 2.90652e-07
3.03742e-08 2.885e-08 1.18098e-07
2.07565e-07 3.07782e-07 2.18221e-07
3.83922e-07 5.85665e-09 9.92683e-08
9.70039e-08 4.69354e-08 2.2808e-07
1.07521e-07 3.03937e-07 3.27976e-07
1.04293e-07 3.03476e-07 8.12328e-08
1.57854e-07 9.50019e-08 4.08724e-08
2.06403e-07 9.20779e-08 1.33066e-07
2.28551e-07 2.90822e-07 3.65837e-08
1.46304e-07 2.16786e-08 5.25349e-08
2.26363e-07 2.43515e-07 7.53787e-08
5.92347e-08 2.21612e-07 1.3779e-07
1.8112e-07 2.41648e-07 3.52908e-07
1.42221e-07 1.37709e-07 9.36871e-08
3.32452e-07 1.81515e-07 2.37986e-07
3.21677e-07 3.50751e-07 3.35679e-07
1.36884e-07 5.67344e-08 3.09826e-07
1.31676e-07 8.38265e-08 3.77453e-07
2.80406e-07 3.09359e-07 2.30579e-07
3.31709e-07 2.15672e-07 1.7044e-07
5.88485e-08 2.40598e-07 2.33306e-07
1.46467e-07 3.30087e-07 3.34789e-07
1.7429e-07 2.93388e-07 1.37385e-07
3.18392e-07 1.74951e-07 3.80638e-07
1.1594e-07 3.54585e-07 2.37287e-07
1.36201e-07 1.25306e-07 3.17312e-07
2.54423e-07 3.00858e-07 2.57166e-07
1.29342e-07 1.02612e-07 3.11723e-07
3.67858e-07 6.38557e-08 2.44729e-07
4.56989e-08 1.15643e-07 3.42428e-07
3.43374e-07 8.56826e-08 3.95237e-07
8.80804e-08 2.79469e-07 2.28158e-07
5.94776e-08 1.63707e-07 1.79755e-07
1.01412e-07 3.1158e-07 3.68966e-08
3.32513e-08 1.86107e-07 3.53449e-07
2.65021e-07 1.72025e-07 5.98206e-08
6.1453e-08 2.27589e-07 1.63735e-07
2.48056e-07 1.09746e-07 2.89629e-07
2.31567e-07 1.84103e-07 7.05377e-08
5.75747e-08 3.35354e-07 1.69976e-07
2.5641e-07 3.64855e-07 9.41922e-08
2.82254e-07 2.2881e-07 3.02803e-07
1.55009e-07 5.08371e-08 1.8545e-07
6.28572e-08 3.01862e-07 1.4626e-07
3.2575e-07 2.82227e-07 2.44544e-07
1.44171e-07 1.7727e-07 3.27352e-07
2.35968e-07 2.08938e-07 1.30263e-07
8.02728e-08 2.14826e-07 2.79098e-07
1.06857e-07 2.87478e-07 1.17399e-07
2.66716e-07 1.58602e-07 2.99149e-07
1.52007e-07 3.26492e-08 7.03344e-08
3.42995e-07 9.91108e-08 2.79279e-07
4.8731e-08 2.30037e-07 3.40939e-07
2.98022e-07 1.73099e-07 2.90687e-07
1.59861e-07 8.17369e-08 1.09818e-07
3.00834e-07 2.27832e-07 3.94692e-08
6.79432e-08 3.13205e-07 1.28553e-07
2.82791e-07 1.43912e-07 5.00285e-08
4.65912e-08 6.83041e-08 2.96325e-07
1.68735e-07 2.13883e-07 1.21347e-07
1.79169e-07 3.31341e-07 2.05229e-07
3.40972e-07 2.34223e-07 2.39142e-07
1.99888e-07 3.51749e-07 2.5229e-07
1.23555e-07 2.88212e-07 8.31125e-08
2.71004e-07 2.61819e-07 9.767e-08
3.63695e-07 1.74679e-07 3.17465e-07
3.93963e-08 2.22943e-07 5.10391e-08
1.98703e-07 3.36278e-07 3.24738e-07
2.43237e-07 2.7631e-07 2.4115e-07
1.9128e-07 3.22382e-07 1.72987e-07
1.34685e-07 3.52601e-07 1.0166e-07
1.69316e-07 2.59625e-07 3.64379e-07
2.22998e-07 2.44113e-07 2.61293e-07
3.19403e-08 6.10337e-08 2.08814e-07
1.90291e-07 3.02792e-07 2.46178e-07
1.06186e-07 7.09272e-08 2.97643e-07
2.33608e-07 2.91761e-07 6.33469e-08
2.89546e-07 3.21555e-07 1.93578e-07
3.20569e-08 2.30388e-07 2.46287e-07
2.65197e-07 3.50679e-07 3.44163e-07
2.3386e-07 3.23326e-07 1.61402e-07
1.87724e-07 1.01551e-07 2.92329e-07
1.52361e-07 1.2523e-07 1.2069e-07
3.49844e-07 1.48194e-07 2.11829e-07
1.81845e-07 1.27224e-07 6.65025e-08
1.7483e-07 1.52356e-07 3.25418e-07
2.30788e-07 3.47497e-07 3.24072e-07
2.24725e-07 5.42504e-08 1.88281e-07
3.17686e-07 1.82103e-07 7.90634e-08
8.36622e-08 1.4322e-07 1.13927e-07
3.20074e-07 2.40744e-07 3.91442e-07
2.32246e-07 1.75624e-07 3.31518e-07
1.26119e-07 8.43721e-08 3.24411e-07
2.0075e-07 2.7851e-07 1.48975e-07
2.3206e-07 3.6659e-07 3.64204e-07
3.43568e-07 1.66271e-07 2.16343e-08
2.96466e-07 9.57411e-08 1.52156e-07
1.59499e-07 2.16819e-07 2.45724e-07
3.23759e-07 1.16348e-07 2.53716e-07
1.83712e-07 1.32258e-07 4.56476e-08
2.00969e-07 3.61238e-08 1.3012e-07
1.38602e-07 3.23379e-07 9.43887e-08
2.24591e-07 3.05677e-07 8.88366e-08
1.98799e-07 3.55387e-07 1.43022e-07
2.79785e-07 1.34026e-07 1.91006e-07
8.56669e-08 1.98946e-07 2.92797e-07
2.83361e-07 3.41482e-07 1.87802e-07
2.91813e-07 2.59476e-07 8.02994e-08
1.27011e-07 1.21458e-07 2.57757e-07
3.16433e-07 1.75414e-07 2.50981e-07
5.96947e-08 3.82839e-07 1.74093e-07
2.4005e-07 1.38062e-07 2.15738e-07
3.07644e-07 2.71808e-07 3.75116e-07
2.6958e-07 4.53509e-08 1.26843e-07
2.65795e-07 3.2092e-07 3.66691e-07
3.68965e-07 2.88699e-07 3.20021e-07
2.95855e-07 2.1366e-07 1.46801e-07
1.6612e-07 3.67319e-07 2.99671e-07
3.76636e-07 2.27224e-07 1.71861e-07
9.77798e-08 2.48733e-07 2.62914e-07
1.9113e-07 2.77907e-07 4.94699e-08
2.53986e-07 3.43917e-07 6.70129e-08
5.02567e-08 2.61519e-07 7.16823e-08
1.8045e-07 3.42679e-07 2.76323e-07
3.94215e-07 1.50486e-07 1.83175e-07
2.37277e-07 4.03426e-07 3.64386e-07
2.49983e-07 1.99538e-07 2.91191e-07
9.15014e-08 2.09799e-07 1.86204e-07
2.66625e-07 2.20398e-07 1.02471e-07
1.18699e-07 3.12926e-07 3.11795e-07
3.74426e-07 1.97167e-08 1.12894e-07
7.57147e-08 1.19501e-07 4.79768e-08
6.65155e-08 2.93108e-07 3.56075e-07
5.92305e-08 2.48659e-07 2.25381e-08
3.51458e-07 2.02205e-07 9.60794e-08
1.9695e-07 2.03014e-07 1.62253e-07
1.09639e-07 1.32304e-07 2.64526e-07
2.13431e-07 2.76408e-07 3.77209e-07
2.88638e-07 2.72311e-07 3.40593e-07
1.94494e-07 1.16591e-07 3.53273e-08
1.4392e-07 2.15176e-07 1.51157e-07
7.18904e-08 1.42251e-07 1.54568e-07
4.85299e-08 1.72012e-07 1.43153e-07
2.70355e-07 1.33717e-07 1.65661e-07
3.28266e-07 2.4021e-07 1.29408e-07
1.24704e-07 3.80972e-07 1.37947e-07
2.7543e-07 3.15402e-07 3.22189e-07
9.8773e-08 1.11438e-07 7.32019e-08
1.3859e-07 7.40965e-08 1.14015e-07
2.36269e-07 9.00613e-08 5.79628e-08
2.83793e-08 7.96722e-08 2.99434e-07
1.8484e-07 3.88672e-07 3.45579e-07
2.81316e-08 3.62283e-07 2.9836e-07
5.62578e-08 3.52937e-07 1.99947e-07
2.87305e-07 1.01398e-07 2.28837e-07
2.37296e-07 1.2893e-07 2.47262e-07
2.2069e-07 1.59316e-07 1.13567e-07
6.41332e-08 9.16164e-08 2.29358e-07
1.80181e-07 7.87886e-08 1.03501e-07
1.10332e-07 2.15999e-07 3.04463e-07
1.17675e-07 3.20934e-07 2.17911e-07
3.32184e-07 2.70794e-07 3.34437e-07
3.13003e-07 7.98123e-08 2.05735e-07
3.56445e-07 1.49886e-07 3.42939e-07
2.93037e-07 2.88909e-07 1.66378e-07
1.29205e-07 1.71654e-07 2.02199e-07
4.81318e-08 9.75648e-08 2.87293e-07
3.72019e-07 3.64473e-07 9.6084e-08
2.13911e-07 1.86626e-07 8.78324e-08
1.29865e-07 2.89159e-07 3.72979e-08
1.68239e-07 9.52232e-08 2.81028e-07
4.81931e-08 9.86658e-08 3.61045e-07
2.29869e-07 2.13958e-07 3.08975e-07
2.43775e-07 3.50155e-07 3.41062e-07
9.56168e-08 3.19506e-07 3.73938e-07
9.42959e-08 2.84206e-07 2.64072e-07
1.5198e-07 7.43374e-08 3.42947e-07
1.44306e-07 9.61455e-08 5.76234e-08
2.56338e-07 4.02297e-08 1.10589e-07
3.21227e-07 2.36656e-07 2.03496e-07
6.16489e-08 1.56101e-07 2.39708e-07
3.92486e-07 9.66761e-08 3.73827e-07
3.31755e-07 1.90631e-07 1.5268e-07
9.00801e-08 2.747e-07 2.07201e-07
3.36322e-07 3.40704e-07 1.96831e-07
8.32465e-08 2.55092e-07 3.50717e-07
7.19053e-08 2.00993e-07 3.52309e-07
3.08806e-07 3.6649e-07 8.78197e-08
1.37169e-07 2.67805e-07 3.03817e-07
2.17027e-07 3.71442e-07 3.78841e-07
2.49081e-07 9.04076e-08 2.80244e-07
1.10765e-07 2.13986e-08 4.26365e-08
3.34725e-07 2.17819e-07 3.10406e-07
1.51767e-07 1.20768e-07 1.74277e-07
1.38509e-07 2.08045e-07 3.18578e-07
1.28401e-07 8.16278e-08 1.51475e-07
2.45051e-07 9.32429e-08 3.37815e-07
5.87848e-08 1.42652e-07 2.56215e-07
3.92075e-07 3.82158e-07 2.45059e-07
2.10578e-07 1.87109e-07 1.67125e-07
8.70547e-08 8.8238e-08 1.49112e-07
4.44299e-08 7.55069e-08 2.72753e-08
2.15959e-08 2.59527e-07 2.63974e-08
7.86683e-08 2.56127e-07 1.51795e-07
3.85037e-07 1.35291e-07 1.63831e-07
3.38707e-07 3.23796e-07 1.19168e-07
2.04354e-07 1.12943e-07 5.89183e-08
3.66789e-07 4.26487e-08 2.90734e-07
7.7559e-08 1.04936e-07 1.59197e-07
1.3932e-07 2.33811e-07 1.14693e-07
2.48164e-07 3.34821e-07 2.85644e-07
1.01582e-07 8.58699e-08 1.8771e-07
8.04436e-08 2.9388e-07 8.52921e-08
2.2889e-08 3.94231e-07 6.37053e-08
1.87734e-07 1.18162e-07 1.39477e-07
1.84085e-08 3.92695e-08 8.3973e-08
1.46478e-07 4.02777e-08 8.99414e-08
7.06734e-08 3.40532e-07 2.36646e-07
1.19736e-07 3.2093e-07 2.61551e-07
1.30359e-07 1.66666e-07 1.81312e-07
3.63506e-07 3.24969e-07 2.9724e-08
8.04487e-08 2.52627e-07 2.26015e-08
8.02592e-08 4.62127e-08 2.10825e-07
3.48291e-07 2.23903e-07 7.57717e-08
3.0801e-07 1.88181e-07 9.77891e-08
2.24617e-07 8.38687e-08 1.77226e-07
9.55145e-08 3.53329e-07 3.17299e-07
1.61968e-07 1.45363e-07 4.93297e-08
1.46307e-07 3.39187e-07 1.62201e-07
1.68812e-07 3.40236e-07 2.94661e-07
1.85374e-07 2.46975e-07 1.52275e-07
3.94473e-08 1.77635e-07 3.55814e-08
2.29919e-08 1.61667e-07 3.02421e-07
3.47073e-07 2.14391e-07 2.20984e-07
1.62646e-07 3.1585e-07 1.86964e-07
7.96044e-08 1.43597e-07 2.77647e-07
8.53589e-08 3.63122e-08 1.17892e-07
3.00081e-07 1.92399e-07 2.21758e-07
1.17944e-07 1.25706e-07 3.2882e-07
2.97134e-07 8.55427e-08 3.11898e-07
3.16815e-07 1.24623e-07 1.3211e-07
2.35357e-07 4.67538e-08 2.05388e-07
3.62654e-07 3.37192e-07 8.51152e-08
4.88173e-08 1.29531e-07 1.645e-07
1.66099e-07 2.5231e-07 9.58118e-08
5.79477e-08 2.73841e-07 2.43803e-07
7.21346e-08 1.22608e-07 2.26864e-07
9.42664e-08 8.27726e-08 6.82734e-08
3.56547e-07 1.94884e-07 3.1629e-07
2.86149e-07 4.89829e-08 2.37322e-07
1.35077e-07 2.07829e-07 2.71708e-07
2.46938e-07 1.89111e-07 8.48992e-08
1.88538e-07 7.17448e-08 1.97909e-07
3.89676e-07 8.32291e-08 2.35123e-07
7.89621e-08 2.77256e-07 2.47957e-07
1.69663e-07 1.87518e-07 1.46578e-07
1.96743e-07 3.1479e-07 3.24618e-07
6.97492e-08 2.87909e-07 2.68294e-07
2.90527e-07 3.26167e-07 2.21546e-07
2.06435e-07 3.54615e-07 2.72783e-07
3.65191e-07 3.09157e-07 3.55032e-07
1.23899e-07 2.88976e-07 1.30427e-07
5.52496e-08 1.78833e-07 3.09998e-07
2.36772e-07 1.14056e-07 2.31538e-07
1.25933e-07 1.263e-07 2.29788e-07
1.45038e-07 2.51542e-07 2.50146e-07
3.16254e-07 2.00761e-07 1.37551e-07
2.68716e-07 2.8928e-07 1.28552e-07
1.10218e-07 1.16953e-07 3.47049e-07
2.25278e-07 1.69133e-07 9.49981e-08
1.48587e-07 3.83376e-07 2.89592e-07
3.28338e-07 2.76012e-07 1.51434e-07
1.06803e-07 1.81118e-07 5.68682e-08
2.38893e-08 7.60866e-08 2.34911e-07
2.83397e-07 3.37149e-07 5.39887e-08
2.01514e-07 1.74729e-07 2.2325e-07
3.58347e-07 2.98763e-07 6.68129e-08
3.18378e-07 3.41254e-07 2.78575e-07
4.52683e-08 3.47938e-07 2.39103e-07
3.00201e-07 1.67616e-07 5.0566e-08
2.18976e-07 1.17524e-07 2.97304e-08
3.43089e-07 3.19896e-07 2.75243e-07
2.91672e-07 3.56239e-07 2.28316e-07
4.31157e-08 2.62547e-07 2.58908e-08
3.0042e-07 3.75415e-07 1.96352e-07
2.72289e-07 3.91279e-07 3.34645e-07
1.28217e-07 2.61063e-07 3.22202e-07
2.19763e-07 2.7678e-07 1.71877e-08
1.84248e-07 2.25865e-07 2.28138e-07
8.33226e-08 2.4137e-07 9.92868e-08
2.72022e-07 1.66037e-07 2.3652e-07
1.29488e-07 2.79706e-07 1.66622e-07
4.41721e-08 1.60434e-07 2.55492e-07
2.96377e-07 1.8824e-07 2.75056e-07
2.03399e-07 3.29124e-07 2.67724e-07
1.29979e-07 3.48169e-07 1.2672e-07
3.02989e-07 2.46549e-07 3.34561e-07
1.17279e-07 2.62251e-07 2.08169e-07
9.50423e-08 1.21085e-07 3.87217e-08
3.48494e-07 1.5176e-07 3.62851e-07
3.70694e-07 3.84581e-07 2.41988e-07
2.46368e-07 1.1324e-07 3.24648e-07
3.65811e-07 1.50965e-07 8.11427e-08
1.07135e-07 2.08171e-07 2.59602e-07
2.27722e-07 1.34107e-07 1.9705e-07
3.24656e-08 4.03962e-08 2.02719e-07
1.10994e-07 1.9237e-07 1.48576e-07
1.84474e-07 3.06191e-07 9.8455e-08
3.0386e-07 3.44146e-07 3.03146e-07
1.10549e-07 1.70334e-07 1.89008e-07
2.92885e-07 7.37255e-08 1.49135e-07
1.27179e-07 1.2614e-07 8.29391e-08
2.60156e-07 1.857e-07 1.95905e-07
7.4688e-08 2.72316e-07 1.65408e-07
2.63986e-07 5.98697e-08 3.06104e-07
1.40036e-07 2.9985e-07 1.18554e-07
2.48912e-07 1.07017e-07 9.02819e-08
3.29288e-07 3.52227e-07 1.80068e-07
3.59309e-07 2.76941e-07 1.77946e-07
2.52417e-07 1.62553e-07 3.54433e-07
1.93065e-07 8.41722e-08 3.31203e-07
8.0149e-08 1.34339e-07 1.77422e-07
3.1776e-07 1.68213e-07 1.80191e-07
3.83759e-07 6.73842e-08 1.54141e-07
7.13414e-08 1.73529e-07 2.47733e-07
9.21782e-08 3.04313e-07 2.87182e-07
4.62157e-08 3.31956e-07 3.43372e-07
2.48299e-07 2.44741e-07 4.75776e-08
3.74205e-07 1.01696e-07 1.70958e-07
3.53636e-07 3.1344e-07 1.47944e-07
3.01406e-07 1.58305e-07 2.34201e-07
2.80564e-07 1.72051e-07 1.21657e-07
3.33011e-07 3.69364e-07 1.43679e-07
3.0405e-07 2.06657e-07 1.08213e-07
1.73521e-07 3.53199e-07 7.21034e-08
2.70933e-07 2.95001e-07 9.22978e-08
1.17332e-07 1.72191e-07 3.1208e-07
3.30577e-07 2.28414e-07 2.21193e-07
2.4556e-07 2.55876e-07 2.47725e-07
2.70118e-07 2.40646e-07 2.89416e-07
1.01667e-07 6.66368e-08 3.46886e-07
1.26224e-07 2.25513e-07 2.07117e-07
2.73785e-07 2.89085e-07 2.56077e-07
3.21253e-07 7.71097e-08 2.66533e-07
2.5602e-07 2.10443e-07 4.45111e-08
2.21233e-07 2.32196e-07 1.48457e-07
2.91301e-07 2.72986e-07 1.89618e-07
1.12747e-07 1.1925e-07 1.18516e-07
2.39844e-07 1.45451e-07 1.33566e-07
1.45913e-07 2.13435e-07 3.91453e-08
2.726e-07 9.10079e-08 1.7872e-07
3.23734e-07 1.70056e-07 2.91742e-08
1.0341e-07 9.48167e-08 2.38801e-07
3.42343e-07 1.42646e-07 3.81532e-07
2.28693e-07 3.28191e-07 3.3325e-07
3.08498e-07 3.79077e-07 2.3861e-07
1.75565e-07 1.58078e-07 1.2494e-07
4.62114e-08 2.5297e-07 3.63462e-07
3.70134e-07 9.99307e-08 3.22098e-07
3.16087e-07 3.08291e-07 3.31864e-07
1.16846e-07 3.79673e-07 1.99896e-07
2.94697e-07 1.54649e-07 1.67044e-07
3.08712e-07 2.0597e-07 1.77178e-07
3.69124e-07 8.79668e-08 2.40092e-07
2.78639e-07 4.62676e-08 3.14245e-07
7.18168e-08 1.83922e-07 1.54603e-07
2.28928e-07 2.52281e-07 1.47307e-07
3.94828e-08 1.40554e-07 4.13151e-08
3.15893e-08 1.53649e-07 1.82546e-07
1.29951e-07 1.94632e-07 2.96838e-07
2.73827e-07 3.04575e-07 7.3033e-08
3.02992e-07 7.8994e-08 5.60734e-08
3.23549e-07 3.63239e-07 7.21249e-08
2.04193e-07 2.26962e-07 2.38079e-07
3.50791e-07 2.43926e-07 8.64689e-08
1.07203e-07 4.74874e-08 3.04731e-07
3.17814e-07 2.37364e-07 1.08819e-07
3.77385e-07 1.76779e-07 1.05226e-07
1.84634e-07 3.90762e-07 3.88528e-07
1.26917e-07 2.1838e-07 2.90843e-07
2.84008e-08 1.10677e-07 1.74777e-07
3.33066e-07 3.22576e-07 2.07912e-07
9.5034e-08 2.36888e-07 2.51228e-08
1.28878e-07 1.79104e-07 2.2571e-07
2.72914e-07 1.45768e-07 7.71603e-08
8.45791e-08 3.26215e-07 2.14615e-07
2.83802e-07 6.48732e-08 8.19886e-08
6.79797e-08 1.24242e-07 1.16481e-07
1.26119e-07 3.10094e-07 1.75105e-07
3.85868e-08 3.82322e-07 1.78968e-07
1.44275e-07 1.41823e-07 1.58221e-07
1.76838e-07 2.68709e-07 2.85475e-07
1.80722e-07 5.12152e-08 1.43562e-07
3.51376e-07 1.33084e-07 1.34577e-07
3.70026e-07 3.4842e-07 3.00134e-07
1.74117e-07 2.24679e-07 3.37352e-08
1.4525e-07 1.7346e-07 1.02309e-07
1.68379e-07 3.34847e-07 1.24003e-07
1.96647e-07 6.14525e-08 2.84892e-07
3.21403e-07 3.59499e-07 2.55545e-07
6.82122e-08 3.66333e-07 2.98216e-07
3.36981e-07 1.03125e-07 8.55269e-08
1.67355e-07 1.57694e-07 2.87546e-07
3.0111e-07 3.3107e-07 2.49986e-07
2.22603e-07 1.07235e-07 3.52589e-07
2.10944e-07 2.97406e-07 2.48479e-07
3.61159e-07 2.43897e-07 1.95309e-07
8.65686e-08 2.78856e-07 4.33435e-09
3.80014e-08 4.70543e-08 1.2698e-07
3.37726e-07 2.39236e-07 5.50666e-08
1.84093e-07 3.13863e-07 2.55869e-08
3.41619e-07 3.38126e-07 9.02774e-08
1.85995e-08 2.54597e-07 7.69328e-08
2.46128e-07 2.01641e-07 2.17717e-07
5.93158e-08 7.79499e-08 3.39348e-07
1.18059e-07 3.65945e-07 1.51969e-07
2.12262e-07 3.42741e-07 3.40308e-07
1.83658e-07 2.53087e-07 3.23812e-07
5.51074e-08 3.7311e-07 1.92701e-07
1.50763e-07 2.47014e-07 8.16898e-08
9.93351e-08 3.20725e-07 2.29417e-07
2.8961e-07 2.54807e-07 2.43108e-07
5.55299e-08 2.16138e-07 2.37733e-07
2.85378e-07 1.67352e-07 1.98071e-07
3.71967e-07 1.15433e-07 3.82529e-07
1.04334e-07 1.05913e-07 1.41375e-07
3.6594e-07 1.0961e-07 2.84982e-07
1.98992e-07 1.08667e-07 2.08197e-07
1.23278e-07 2.91074e-07 1.85396e-07
1.81216e-07 2.38926e-07 1.08603e-07
1.28227e-07 1.43797e-07 3.0913e-07
1.40565e-07 1.12306e-07 3.40822e-07
3.25784e-08 1.36726e-07 1.99484e-07
2.24659e-07 2.67486e-08 2.56876e-07
7.88385e-08 2.33456e-07 2.27822e-07
4.77882e-08 2.81703e-07 6.44405e-08
2.62147e-07 3.4612e-07 2.34709e-07
3.05019e-08 1.05388e-07 2.96974e-07
3.51829e-07 1.96322e-07 1.59163e-07
2.88919e-07 1.56308e-07 1.39343e-07
2.55551e-07 2.51954e-07 1.5076e-07
2.78613e-07 1.09384e-07 1.88795e-07
1.27739e-07 5.96708e-08 2.90394e-07
1.84896e-07 1.80816e-07 1.60699e-07
2.13426e-07 3.72241e-07 1.08479e-07
3.69894e-07 3.97607e-08 1.06587e-07
1.68668e-07 3.21836e-07 6.80356e-08
1.61335e-07 2.38706e-07 2.95538e-07
2.53956e-07 3.42723e-07 1.9483e-07
2.42816e-07 1.07064e-07 1.69495e-07
2.49553e-07 2.92196e-07 2.06536e-07
3.53649e-08 2.34437e-07 3.65048e-07
1.32683e-07 2.43468e-07 2.83479e-07
2.14778e-07 2.63903e-07 7.84661e-08
2.49593e-07 2.14514e-07 1.14566e-07
2.47213e-07 2.25581e-07 5.71939e-08
1.603e-07 1.44815e-07 3.67405e-07
1.44602e-07 7.44155e-08 5.81789e-08
3.68003e-07 7.55792e-08 3.5492e-07
1.26721e-07 1.68653e-07 6.07895e-09
2.83353e-07 7.27292e-08 3.56268e-07
1.72469e-07 2.09048e-07 3.01658e-07
3.30073e-07 4.85528e-08 2.70779e-07
1.90954e-07 2.13905e-07 2.48875e-07
3.97977e-08 3.33525e-07 2.93001e-07
1.63667e-07 3.00897e-07 7.82e-08
3.56081e-07 1.34065e-07 3.28438e-07
2.30365e-07 1.60306e-07 2.78324e-07
2.39913e-07 1.88281e-07 1.55701e-07
9.26048e-08 2.65832e-07 2.75108e-07
1.25363e-07 3.52999e-07 3.17902e-07
9.42214e-08 2.58813e-07 1.70105e-09
1.65074e-07 3.73455e-07 3.91799e-07
1.56094e-07 1.04629e-07 1.26026e-07
1.18691e-07 2.55596e-07 3.69005e-07
3.22568e-07 2.51454e-07 9.32451e-08
3.13352e-07 1.49096e-07 2.70941e-07
2.35699e-07 1.46258e-07 1.048e-07
3.06987e-07 1.37427e-07 2.34887e-07
6.77457e-08 1.6983e-07 3.45135e-07
2.07778e-07 1.6679e-07 1.5944e-07
2.41748e-07 1.99531e-07 1.74093e-07
2.68293e-07 3.51288e-08 2.6021e-07
1.79356e-07 2.68579e-07 2.44228e-07
2.60475e-07 3.70089e-07 2.75773e-07
3.20555e-07 1.75127e-07 4.99632e-08
1.03149e-07 1.39193e-07 3.78581e-07
2.1576e-07 2.74688e-07 2.12986e-07
1.64307e-07 2.9268e-07 3.20207e-07
1.8036e-08 4.99779e-08 1.3571e-07
1.2194e-07 1.96602e-07 8.02388e-08
2.68688e-07 6.19871e-08 3.44629e-07
2.91889e-07 7.27602e-08 2.88223e-07
3.40518e-07 2.55241e-07 3.95382e-07
3.39782e-07 9.32622e-08 2.46637e-07
1.62623e-07 3.374e-07 8.24923e-08
2.28515e-07 4.58317e-08 1.6868e-07
3.36547e-07 1.87542e-07 9.10139e-08
2.74167e-07 3.1063e-07 2.59531e-07
1.46271e-07 2.31256e-07 3.34017e-07
6.23071e-08 1.14883e-07 3.57001e-07
2.46863e-07 3.817e-07 8.41136e-08
2.14947e-07 1.15652e-07 3.34159e-07
3.55924e-08 6.99609e-08 8.75212e-08
1.77023e-07 3.55695e-07 2.55109e-07
2.9764e-07 2.18223e-07 2.10308e-07
5.48154e-08 3.59018e-07 3.37979e-07
2.15819e-07 1.59904e-07 2.3006e-07
2.42113e-07 8.09816e-08 3.71101e-07
4.58369e-08 1.77457e-07 1.70136e-07
2.1111e-07 4.55901e-08 2.16955e-07
3.80564e-08 1.94961e-07 1.12114e-07
3.60526e-07 6.96886e-08 7.17896e-08
2.54657e-07 3.94156e-07 4.48873e-08
2.35543e-07 5.76077e-08 9.35439e-08
2.53836e-07 2.10326e-07 3.22757e-07
3.26089e-07 2.06362e-07 9.22203e-08
1.98854e-07 2.98119e-07 2.40973e-08
3.07463e-07 2.68445e-07 6.80203e-08
2.1495e-07 9.51478e-08 5.30823e-08
9.68586e-08 1.99921e-07 2.25845e-07
9.28131e-08 3.31225e-07 3.74669e-08
3.0798e-07 7.97774e-08 1.32709e-07
2.2348e-07 1.7087e-07 1.92549e-07
7.62756e-08 7.11454e-08 1.56765e-07
2.00741e-07 2.32267e-07 5.15192e-08
3.71734e-07 2.04323e-07 1.86137e-07
1.05875e-07 2.83825e-07 1.95636e-07
2.84501e-07 5.46021e-08 3.77193e-07
1.57253e-07 2.38981e-07 4.19805e-08
3.43376e-07 2.48641e-07 2.78973e-07
4.84919e-08 3.37711e-07 2.73569e-07
3.33032e-07 2.71612e-07 2.73372e-07
1.63154e-07 8.00488e-08 3.78977e-07
2.57266e-07 1.50198e-07 3.20014e-07
2.75166e-07 4.4985e-08 1.0135e-07
5.49539e-08 1.42596e-07 1.80699e-07
2.33004e-07 2.89043e-07 3.76748e-07
1.8438e-07 2.21822e-07 1.3437e-07
2.75684e-07 2.33458e-07 5.08544e-08
2.06354e-07 1.45955e-07 7.42948e-08
3.18207e-07 3.72455e-07 1.5895e-07
3.65728e-07 5.04294e-08 1.88788e-08
3.01207e-07 1.62076e-07 2.58469e-07
3.0528e-07 2.56414e-07 1.7757e-07
1.73792e-07 3.09722e-07 1.57581e-07
5.98038e-08 1.33794e-07 4.50227e-08
2.26481e-07 1.36764e-07 3.67459e-08
3.26917e-07 7.61628e-08 3.07283e-07
3.47623e-07 2.92027e-07 3.19334e-07
1.66362e-07 3.06536e-07 1.58014e-08
2.78049e-07 2.19275e-07 3.42163e-07
8.75279e-08 2.12492e-07 2.51413e-07
2.64455e-07 2.72241e-07 3.55185e-07
1.52965e-07 2.03643e-07 2.94443e-07
1.97884e-07 1.45533e-07 3.28892e-07
2.21929e-07 3.49855e-07 2.35561e-07
3.38011e-07 3.46647e-07 1.09737e-07
1.66303e-07 1.10669e-07 2.66098e-07
1.8782e-07 3.47989e-07 3.88481e-07
2.02361e-07 2.57082e-07 2.98564e-07
1.44019e-07 8.58782e-08 2.19622e-07
3.71971e-07 0 1.21563e-07
2.27691e-07 2.12527e-07 2.14211e-07
7.16867e-08 2.00125e-07 8.15631e-08
7.9512e-08 3.88793e-07 3.35718e-07
2.00407e-07 2.70767e-07 9.29013e-08
7.33481e-08 6.23349e-08 2.39087e-07
2.45435e-07 3.95271e-07 2.83976e-07
3.05242e-07 1.01318e-07 1.31971e-07
2.04809e-08 9.27121e-08 1.83649e-07
3.17727e-07 3.53896e-07 4.63823e-08
1.96147e-07 3.02842e-07 1.81431e-07
3.10829e-07 1.53418e-07 1.5284e-07
2.58027e-07 5.77752e-08 2.5735e-07
1.69816e-07 1.2734e-07 2.81643e-07
6.34837e-08 4.34444e-08 3.18766e-07
2.18243e-07 5.50357e-08 1.35676e-07
3.17918e-07 1.19566e-07 6.40135e-08
7.87207e-08 2.50225e-07 2.50356e-07
3.17355e-07 2.48698e-07 1.53732e-07
3.0797e-07 8.10317e-08 3.30237e-07
8.22804e-08 7.52908e-08 2.53845e-07
6.92766e-08 2.96458e-07 2.47621e-07
2.18687e-07 1.50049e-07 1.32999e-07
1.41145e-07 8.56605e-08 1.95145e-07
2.12137e-07 2.91726e-07 7.58945e-08
1.75362e-07 1.65211e-07 2.36482e-07
1.66191e-07 4.72591e-08 2.58455e-07
2.08787e-07 3.18672e-07 1.89896e-07
1.87538e-07 2.02185e-07 1.94821e-07
3.06786e-07 5.53415e-08 3.69845e-07
3.17505e-07 3.78229e-07 2.65592e-07
3.31168e-07 1.47676e-07 1.58143e-07
2.08713e-07 1.351e-07 1.21026e-07
2.56098e-07 4.11497e-07 3.08926e-07
2.26885e-07 3.8686e-07 2.76936e-07
1.03927e-07 3.24279e-07 1.65563e-07
3.83572e-07 3.82997e-07 9.68352e-08
2.90835e-07 2.3798e-07 7.95053e-08
1.43408e-07 1.78126e-07 8.13601e-08
2.59432e-07 1.36327e-07 1.35694e-07
2.995e-07 1.43549e-07 3.65278e-08
3.20347e-07 3.29394e-07 3.31588e-07
2.65398e-07 3.96615e-07 6.33695e-08
6.70466e-08 2.69083e-07 2.81278e-07
1.62919e-07 8.70834e-08 3.29547e-07
2.37323e-07 1.29886e-07 3.13546e-07
3.04103e-07 1.13464e-07 2.34732e-07
5.92737e-08 1.85199e-07 2.2347e-07
2.50995e-07 8.4804e-08 1.55953e-07
3.63318e-07 6.20121e-08 3.72121e-08
3.3159e-07 3.56128e-07 2.26844e-07
2.66655e-07 1.07477e-07 1.59576e-07
2.2503e-07 3.09517e-07 1.43959e-07
9.06238e-08 2.63167e-08 3.58958e-07
2.20076e-07 3.25783e-07 4.94634e-08
2.96829e-07 1.01307e-07 2.51091e-07
2.43562e-07 3.35876e-07 2.29939e-07
1.66598e-07 2.15832e-07 3.536e-07
7.21165e-08 1.07695e-07 3.03813e-08
2.71345e-08 1.29994e-07 1.63286e-07
1.29114e-07 1.21986e-07 6.17972e-08
4.653e-08 1.40904e-07 2.37173e-07
1.77844e-07 2.40771e-07 4.78546e-08
6.4209e-08 3.16755e-07 3.07924e-07
9.59519e-08 6.88821e-08 5.17328e-08
2.62891e-07 3.02228e-07 3.82836e-07
2.71389e-07 1.41521e-07 3.33941e-07
8.30729e-08 1.91397e-07 2.50456e-07
2.19194e-07 3.70521e-07 3.10182e-07
1.01326e-07 2.63485e-07 1.029e-07
2.50351e-07 6.41157e-08 3.56461e-07
2.99497e-07 1.01178e-07 3.47457e-07
1.47533e-07 1.43494e-07 2.22698e-07
3.57019e-07 3.37952e-07 3.95927e-07
2.23013e-07 3.69828e-07 1.81985e-07
1.48344e-07 7.17076e-08 1.80291e-07
3.8991e-08 3.5262e-08 3.43826e-07
3.53325e-07 2.83964e-07 2.70959e-07
3.14669e-07 3.86481e-07 9.33335e-08
2.75447e-07 1.26528e-07 3.68874e-07
2.65845e-07 2.09189e-07 1.86393e-07
3.16274e-07 3.80303e-07 2.10031e-07
2.25918e-07 2.74447e-08 9.22532e-08
2.07523e-07 2.59679e-07 1.56861e-07
3.5757e-07 1.71307e-07 2.06817e-07
1.98089e-07 2.74342e-07 6.94876e-08
6.30472e-08 3.21868e-07 1.54202e-07
2.20442e-07 1.99579e-07 5.37423e-08
8.8023e-08 3.1597e-07 9.02249e-08
2.14434e-07 1.49528e-07 4.97144e-08
8.82599e-08 1.58113e-07 1.69041e-07
3.51407e-07 9.19425e-08 2.28513e-07
2.18278e-07 3.46707e-07 1.39749e-07
3.05585e-07 3.3678e-07 1.25106e-07
2.81782e-07 4.93445e-08 2.89176e-07
3.16662e-07 4.4943e-08 2.37757e-07
6.57794e-08 3.44034e-07 3.60399e-07
2.15266e-07 1.50945e-07 1.92022e-07
2.47463e-07 3.84402e-07 6.25852e-08
1.63528e-07 3.68052e-07 3.53882e-07
2.24499e-08 2.18189e-08 3.49143e-07
3.01355e-07 3.56973e-07 3.20304e-07
2.86893e-07 3.45454e-08 1.19623e-07
1.9049e-07 3.13375e-07 3.45514e-07
9.64214e-08 1.07998e-07 2.92716e-07
6.85697e-08 8.90301e-08 2.62977e-07
5.8604e-08 3.82308e-07 3.12921e-07
1.17329e-07 3.57828e-07 1.99191e-07
2.27555e-07 6.38883e-08 3.46769e-07
1.7578e-07 8.569e-08 2.57669e-07
9.87532e-08 3.61663e-07 2.48805e-07
2.36476e-07 3.8622e-07 1.76779e-07
2.30057e-07 8.47404e-08 1.42648e-07
2.92665e-07 1.24115e-07 1.74405e-07
1.45887e-07 2.36411e-07 2.34568e-07
2.38041e-07 1.41596e-07 2.86825e-07
2.81638e-07 3.79413e-07 8.48381e-08
3.69831e-07 1.35996e-07 3.71136e-07
3.10353e-07 3.68442e-07 1.16761e-07
1.06955e-07 1.68624e-07 3.51853e-07
2.46862e-07 4.96069e-08 6.44968e-08
1.45636e-07 1.6049e-07 6.91427e-08
2.15792e-07 2.27626e-07 3.64167e-08
2.70795e-07 3.25451e-07 6.75168e-08
1.41278e-07 2.08439e-07 1.9571e-07
3.39314e-07 5.43191e-08 1.63939e-07
2.14772e-07 2.57834e-07 2.28705e-07
2.24114e-07 2.83027e-07 1.8146e-07
2.12475e-07 2.65804e-07 0
1.47727e-07 2.73822e-07 2.73583e-07
5.00107e-08 1.46191e-07 3.19811e-07
1.30954e-07 7.08619e-08 2.53203e-07
4.35131e-08 2.4898e-07 1.0327e-07
2.08923e-07 3.64108e-07 2.25796e-07
6.92556e-08 3.67933e-07 2.61014e-07
1.88508e-07 1.90027e-07 2.38098e-07
2.22314e-07 3.63354e-07 1.26278e-07
7.58936e-08 1.12531e-07 3.16396e-07
2.63237e-07 2.44861e-07 6.4237e-08
1.76864e-07 1.18126e-07 8.91367e-08
3.05034e-07 1.27225e-07 2.53679e-07
4.68265e-08 2.85385e-07 1.35315e-07
3.91949e-07 1.95627e-08 7.98324e-08
8.50174e-08 2.85452e-07 3.71072e-07
2.94239e-07 4.48187e-08 2.57013e-07
2.95449e-07 3.0602e-07 3.00773e-07
1.82631e-07 2.90783e-07 3.44481e-07
3.47577e-07 8.35864e-08 8.28033e-08
3.57999e-07 2.18023e-07 3.7358e-07
2.61491e-07 4.03478e-07 2.72202e-07
2.19872e-07 8.92898e-08 2.15944e-07
3.36555e-07 3.2641e-07 3.86008e-07
2.43018e-07 3.29188e-07 7.86465e-08
1.56992e-07 2.95017e-07 1.8958e-07
6.80996e-08 1.21559e-07 7.45677e-08
8.3885e-08 3.07635e-07 6.89076e-08
3.13597e-07 3.83619e-07 3.69863e-07
2.50425e-07 1.67011e-07 1.33186e-07
9.35324e-08 1.37179e-07 1.9412e-07
5.83779e-08 8.32562e-08 4.19202e-08
1.52289e-07 3.1481e-07 1.08709e-07
3.45252e-07 2.62424e-08 3.89798e-08
2.87208e-07 2.74966e-07 1.02761e-07
3.48217e-07 7.00992e-08 1.03532e-07
1.08718e-07 8.00447e-08 2.15582e-07
2.08369e-07 1.64039e-07 2.79951e-07
1.90401e-07 2.15625e-07 3.84674e-07
3.94018e-07 3.76229e-07 2.69223e-07
6.63881e-08 2.00229e-07 3.02489e-07
8.05235e-08 1.56388e-07 2.94912e-07
1.36822e-07 2.56003e-07 1.04478e-07
4.63601e-08 2.4297e-07 1.64917e-07
1.34803e-07 9.81054e-08 2.57675e-07
8.73548e-08 1.4532e-07 3.15216e-07
1.54592e-07 2.1895e-07 2.0885e-07
1.3262e-07 2.51337e-07 2.19343e-07
1.73595e-07 2.79908e-07 3.67341e-08
1.21761e-07 2.82839e-07 3.04827e-07
2.16955e-07 3.37233e-07 2.18495e-07
1.43724e-07 2.9664e-07 3.25831e-07
1.98597e-07 2.78041e-07 1.26864e-07
2.22701e-07 2.50341e-07 3.28689e-07
1.8448e-07 1.53405e-07 1.05674e-07
3.07299e-07 5.93768e-08 3.28028e-07
2.34151e-07 3.37472e-07 6.06737e-08
8.66817e-08 1.31763e-07 2.13825e-07
2.62397e-07 2.40484e-07 2.1221e-07
9.10832e-08 2.94396e-07 2.43384e-07
1.99332e-07 1.21787e-07 1.02686e-07
1.84377e-07 2.95236e-07 2.23874e-07
6.3319e-08 1.21103e-07 9.56748e-08
1.84913e-07 3.30393e-07 7.91764e-08
3.96672e-08 2.90149e-07 3.24138e-07
2.43381e-07 2.0973e-08 2.72139e-07
1.34347e-07 3.47703e-07 3.39377e-07
5.80932e-08 5.7579e-08 2.0747e-07
4.94057e-08 3.59305e-07 1.14984e-07
9.427e-08 1.27954e-07 2.7946e-07
9.70216e-08 1.10638e-07 1.99513e-08
1.16942e-07 1.66014e-07 3.32966e-07
3.584e-07 1.14562e-07 1.51188e-07
3.17286e-07 3.32376e-07 1.64233e-07
7.61872e-08 3.35905e-07 3.22502e-07
2.57326e-07 1.88545e-07 3.26114e-07
7.33108e-08 5.40562e-08 1.19255e-07
2.6279e-07 9.96139e-08 3.27409e-07
3.61785e-07 1.37149e-07 6.39997e-08
1.4424e-07 9.05131e-08 8.27371e-08
3.77276e-08 4.20717e-08 2.32047e-07
3.54021e-07 3.14735e-07 2.54624e-07
1.96975e-07 1.99741e-07 1.05666e-07
1.80063e-07 4.10768e-08 3.26222e-07
2.25782e-07 5.29953e-08 6.73775e-08
3.31055e-07 8.24792e-08 3.47068e-07
3.29473e-07 1.51764e-07 1.37128e-07
1.40213e-07 2.6023e-07 1.76753e-07
5.55996e-08 1.58814e-07 5.28892e-08
5.79646e-08 1.98493e-07 2.02219e-07
2.10246e-07 3.10416e-07 1.23322e-07
2.32284e-07 7.76585e-08 1.22449e-07
2.32521e-07 1.71295e-07 2.59767e-07
2.23448e-07 3.28217e-07 3.57194e-07
1.63675e-07 3.89856e-07 2.35816e-07
1.98524e-07 3.268e-07 2.13822e-07
1.4302e-07 1.02494e-07 1.81889e-07
6.15342e-08 5.92063e-08 7.56545e-08
3.69137e-07 3.71761e-07 1.37242e-07
1.1952e-07 5.80596e-08 3.57408e-07
3.43708e-07 1.30343e-07 1.54501e-07
2.20043e-07 2.00184e-07 1.42268e-07
1.56547e-07 3.27798e-08 2.18562e-07
1.67833e-07 3.16244e-07 2.83619e-07
3.59627e-07 3.58831e-07 2.82099e-07
3.59144e-07 6.13857e-08 1.45236e-07
7.93244e-08 3.48097e-07 3.02922e-07
2.23118e-07 2.37561e-07 3.47939e-07
4.61139e-08 7.05726e-08 1.95219e-07
1.43022e-07 9.50718e-08 1.11716e-07
1.97221e-07 1.88703e-07 1.25109e-08
2.42885e-07 1.74409e-07 1.75137e-07
3.13011e-08 2.281e-07 1.60385e-07
2.13964e-07 3.92759e-07 3.97771e-07
1.92789e-07 2.09298e-07 3.28581e-07
2.76001e-07 8.42359e-08 1.58402e-07
1.36693e-07 3.63159e-07 1.78911e-07
5.98211e-08 1.55151e-07 8.95553e-08
9.51905e-08 2.52475e-07 1.38222e-07
2.40885e-07 2.39076e-07 1.18881e-07
2.08677e-07 2.94148e-07 3.15935e-07
2.44003e-07 2.8406e-07 3.58867e-07
1.16594e-07 8.65824e-08 2.86594e-07
2.0446e-07 2.88012e-07 2.26496e-07
1.52308e-07 2.04167e-07 1.34561e-07
1.86103e-07 2.44772e-07 2.11871e-07
9.6781e-08 2.31112e-07 1.35658e-07
3.90898e-07 8.37126e-08 1.70399e-07
2.36931e-07 2.56727e-07 1.07253e-07
6.96431e-08 3.41712e-07 2.12746e-07
4.4555e-08 9.16522e-08 3.07835e-07
8.97926e-08 1.56717e-07 4.22068e-08
1.85338e-07 1.28059e-07 3.30248e-07
3.75154e-07 3.05908e-07 3.00508e-07
1.45555e-07 1.79945e-07 5.98204e-08
3.67409e-07 2.65648e-07 8.96827e-08
1.21696e-07 7.45106e-08 3.43464e-07
1.4643e-07 2.81376e-07 2.53467e-07
2.99889e-07 2.4335e-07 9.84521e-08
2.21035e-07 3.51032e-07 3.80858e-08
1.05271e-07 3.48769e-07 1.03389e-07
2.94689e-07 3.53255e-07 1.16392e-07
2.7551e-07 1.68546e-07 4.13762e-08
2.26344e-07 2.31586e-07 1.69649e-07
3.22045e-07 1.02044e-07 2.30426e-07
2.71432e-07 1.29771e-07 2.42146e-07
2.79635e-07 1.36642e-07 1.27915e-07
2.41741e-07 1.02186e-07 3.75838e-07
7.84418e-08 3.76048e-07 2.2058e-07
2.96557e-07 2.33147e-07 1.58225e-07
5.84736e-08 2.10907e-07 3.37595e-07
1.64089e-07 2.2241e-07 1.52451e-07
2.63731e-07 1.72137e-07 3.38528e-07
3.98633e-08 9.09837e-08 9.01017e-08
3.55585e-08 3.51864e-07 1.78869e-07
1.23175e-07 5.16179e-08 3.77996e-07
9.95255e-08 1.76547e-07 1.71464e-07
2.25203e-07 1.76018e-07 3.11182e-07
1.26266e-07 3.28697e-07 2.48197e-08
1.89167e-07 2.66893e-07 1.10937e-07
2.85234e-07 2.11107e-07 6.59176e-08
2.46257e-07 1.45721e-07 1.69108e-07
3.5651e-07 6.89929e-08 3.06052e-07
9.60345e-08 2.79642e-07 8.96016e-08
2.15799e-07 3.10379e-07 3.47434e-07
2.3876e-07 3.99041e-07 3.04195e-07
1.61851e-07 1.91146e-07 6.95768e-08
2.93615e-07 2.5089e-07 5.62328e-08
9.11869e-08 5.22405e-08 3.86692e-08
2.8461e-07 3.5571e-07 3.34784e-07
1.80193e-07 5.36018e-08 2.37107e-07
2.84103e-07 3.35663e-07 2.7588e-07
3.1116e-07 3.21181e-07 2.7388e-07
1.45738e-07 1.27734e-07 2.66813e-07
2.37386e-07 1.87381e-07 1.91464e-07
1.53471e-07 1.99423e-07 2.1815e-07
1.01906e-07 2.24642e-07 7.41829e-08
3.67606e-07 1.71292e-07 1.65192e-07
3.23749e-07 1.70566e-07 1.19602e-07
1.75807e-07 2.10473e-07 1.01066e-07
1.51086e-07 2.5225e-07 3.08815e-07
1.73899e-07 1.7584e-07 3.79086e-07
8.40686e-08 8.61025e-08 2.35042e-07
8.44217e-08 2.46854e-07 1.2025e-07
2.50335e-07 2.52508e-07 3.41852e-07
2.9798e-07 1.57435e-07 2.12861e-07
9.72219e-08 2.02937e-07 1.19019e-07
3.25839e-07 1.35133e-07 2.244e-07
1.33128e-07 2.52633e-08 1.19407e-07
1.5668e-07 2.45571e-07 3.53843e-07
1.52298e-07 1.58601e-07 1.69457e-07
1.51693e-07 2.20054e-07 2.65654e-07
3.51305e-07 3.50901e-07 1.7376e-07
2.79039e-07 9.72772e-08 3.41396e-07
2.10379e-07 3.13597e-07 2.84889e-07
2.17648e-07 2.64666e-07 1.13694e-07
3.39794e-07 9.85805e-08 1.06304e-07
2.69099e-07 3.59289e-07 6.43205e-08
2.93745e-07 2.10893e-07 2.60336e-07
3.32715e-07 6.52772e-08 7.62339e-08
3.168e-07 3.11719e-07 6.74121e-08
1.83312e-07 1.26702e-07 1.95731e-07
3.46056e-07 1.82157e-07 2.21391e-07
1.28965e-07 3.1679e-07 2.93347e-07
1.43922e-07 9.1787e-08 1.62961e-07
1.25545e-07 3.37947e-07 1.67907e-07
2.40625e-07 2.878e-07 2.67295e-07
1.70555e-07 2.56058e-07 1.16865e-07
2.60861e-07 2.41175e-07 8.52413e-08
3.47846e-07 1.59111e-07 1.50438e-07
3.6339e-07 1.89471e-07 3.56723e-07
2.73995e-07 1.03866e-07 8.44347e-08
3.53788e-07 1.21408e-07 4.09888e-07
2.50633e-07 9.25638e-08 2.02194e-07
2.76478e-07 1.9571e-07 2.71877e-07
6.81472e-08 1.05001e-07 2.92027e-07
3.4866e-07 7.92193e-08 2.88324e-07
3.34567e-07 1.6902e-07 7.64559e-08
3.76881e-07 1.96965e-07 2.61426e-07
3.10392e-07 1.93269e-07 3.32182e-07
3.86911e-07 2.34806e-07 5.72954e-08
9.72472e-08 1.26215e-07 2.4421e-07
1.91475e-07 2.76084e-07 3.31186e-07
1.34842e-07 1.19213e-07 1.60996e-07
1.18315e-07 2.33413e-07 1.38028e-07
1.24476e-07 3.71504e-08 3.55931e-07
3.13449e-08 6.12966e-08 3.62746e-07
9.97161e-08 1.46729e-07 3.58601e-07
1.48159e-07 3.05761e-07 3.45022e-07
2.12836e-07 2.21945e-07 1.9073e-07
1.85637e-07 1.235e-07 2.1687e-07
1.95973e-07 1.00213e-07 1.02051e-07
2.80137e-07 1.84329e-07 2.25359e-07
3.82877e-07 2.45833e-07 7.54447e-08
6.66125e-08 2.6788e-07 2.08149e-07
9.55251e-08 3.39643e-07 2.01915e-07
1.85784e-07 6.41959e-08 3.67443e-07
3.58562e-07 2.20861e-07 1.62093e-07
1.4301e-08 1.40932e-08 8.67044e-08
2.05405e-07 1.85506e-07 1.36295e-07
1.36996e-07 1.64289e-07 2.4008e-07
9.74484e-08 7.54003e-08 8.83118e-08
1.91721e-07 3.98775e-07 2.85117e-07
1.43614e-07 3.31806e-07 2.06941e-07
3.69171e-07 2.55595e-07 3.75211e-07
1.37388e-07 3.73348e-07 2.31968e-07
3.54638e-07 1.66752e-07 9.81571e-08
2.72935e-07 1.46434e-07 2.07155e-07
2.62971e-07 1.77096e-07 2.88057e-07
1.81956e-07 3.62629e-07 2.30868e-07
3.99123e-07 3.82859e-07 2.89188e-07
3.24934e-07 2.06782e-07 1.13683e-07
7.97501e-08 2.51798e-07 2.85116e-07
3.30554e-07 6.77472e-08 2.08785e-07
8.20356e-08 3.15234e-07 3.23448e-07
2.27587e-07 1.52856e-07 6.64148e-08
2.24732e-07 2.34728e-07 2.03839e-07
1.51984e-07 3.1277e-07 2.12878e-07
4.95863e-08 6.91004e-08 1.36793e-07
2.14596e-07 1.90061e-07 2.98574e-07
2.57298e-07 3.18892e-07 2.74504e-07
1.98999e-07 3.6047e-07 6.51536e-08
2.28271e-07 1.35892e-07 7.9674e-08
2.5039e-07 5.97041e-08 1.64929e-07
2.43349e-07 1.27822e-07 1.83295e-07
2.97772e-07 1.53972e-07 1.0375e-07
3.24051e-07 2.01722e-07 1.91743e-07
2.49177e-07 3.51731e-07 1.21505e-07
3.8795e-07 3.08738e-08 9.80822e-08
2.46391e-07 1.1685e-07 7.11362e-08
3.58329e-07 5.41505e-08 3.41095e-07
2.44376e-07 3.88634e-08 1.87307e-07
2.96122e-07 2.36976e-07 1.79365e-07
6.52847e-08 1.77439e-07 1.06978e-07
2.4635e-07 3.05651e-07 1.62383e-07
2.32698e-07 2.32946e-07 9.32784e-08
3.15816e-07 1.34049e-07 1.73313e-07
1.46635e-07 1.79472e-07 2.1292e-07
4.06765e-08 5.12479e-08 7.77452e-08
1.49293e-07 2.70505e-07 1.14417e-07
2.00397e-07 7.72124e-08 7.35194e-08
2.5626e-07 7.27421e-08 2.90372e-07
2.87038e-07 2.38985e-07 3.2149e-07
1.14434e-07 3.32965e-07 2.91016e-07
3.53592e-08 1.74035e-07 1.88638e-07
1.29936e-07 3.73308e-07 2.8031e-07
2.44799e-07 3.65981e-07 2.61358e-07
2.56259e-07 1.29729e-07 2.88173e-07
1.17857e-07 1.57613e-07 2.14301e-07
2.99939e-07 1.78941e-07 1.87307e-07
2.1186e-07 3.65252e-07 2.90688e-07
3.1043e-07 3.00928e-07 2.1567e-07
9.89413e-08 2.25829e-07 2.31787e-07
2.08103e-07 3.37593e-07 1.56407e-07
2.93177e-07 4.83503e-08 5.50578e-08
4.78998e-08 2.47035e-07 2.00148e-07
1.15392e-07 7.67493e-08 7.57725e-08
2.40515e-07 1.5001e-07 3.06515e-07
2.61528e-07 2.62117e-07 5.12431e-08
1.09675e-07 9.78006e-08 3.19689e-07
2.54191e-07 1.61455e-07 2.25409e-07
4.41126e-08 1.09018e-07 1.33478e-07
2.31166e-07 1.45184e-07 2.34e-07
4.0261e-07 2.01312e-08 6.10513e-08
4.90952e-08 2.95938e-07 1.72843e-07
2.12895e-08 2.45165e-07 1.5127e-07
2.39367e-07 2.65159e-07 1.33024e-07
1.39632e-07 2.99775e-07 5.33194e-08
2.90147e-07 3.15071e-07 2.73666e-07
1.91109e-07 4.02303e-08 1.89821e-07
3.06277e-07 3.30772e-07 2.07695e-07
1.03475e-07 5.16457e-08 1.15069e-07
3.56394e-07 3.42392e-07 3.2361e-07
2.94566e-07 2.86111e-07 2.13716e-07
8.64018e-08 3.53406e-07 9.38565e-08
3.58783e-07 2.52148e-07 2.94365e-08
3.41777e-07 3.7553e-07 1.24943e-07
1.0843e-07 2.77397e-07 1.61804e-07
2.89924e-07 1.28318e-07 2.09057e-07
3.41653e-07 2.34146e-07 1.97244e-07
2.16695e-07 4.41443e-08 3.22493e-07
3.25711e-07 2.49325e-07 1.79246e-07
1.08326e-07 2.46006e-07 1.13915e-07
2.33957e-07 2.84265e-07 2.19339e-07
1.975e-07 2.36108e-07 2.89177e-07
1.42218e-07 2.8047e-07 1.83925e-07
2.33973e-07 6.09523e-08 3.70291e-07
4.40857e-08 1.98598e-07 3.27501e-07
4.81086e-08 3.74105e-07 2.95238e-07
2.19682e-07 6.17255e-08 3.09987e-07
1.00445e-07 1.51878e-07 3.36128e-07
2.53648e-07 2.85083e-07 1.00338e-07
1.2671e-07 3.44281e-07 2.21861e-07
3.18358e-07 1.8783e-07 1.70739e-07
1.08173e-07 3.18857e-07 9.73405e-08
2.38878e-07 6.4872e-08 1.38474e-07
1.6268e-07 2.96555e-07 3.70621e-07
1.94386e-07 2.76254e-07 2.11143e-07
9.34465e-08 3.82159e-07 2.52792e-07
2.20339e-07 8.84658e-08 3.1538e-07
2.02474e-07 2.31076e-07 3.18364e-07
1.535e-08 1.0191e-07 3.11959e-07
2.68453e-07 1.33636e-07 3.11909e-07
3.71168e-07 2.4492e-07 9.39159e-08
1.46934e-07 1.63319e-07 1.24072e-07
1.8122e-07 2.31896e-07 3.21239e-07
2.21749e-07 1.11081e-07 3.78526e-07
7.09172e-08 1.77422e-07 2.95205e-07
3.38093e-07 1.86219e-07 1.8554e-07
3.97974e-08 3.85912e-07 7.42002e-08
1.85073e-07 1.55519e-07 2.75105e-07
2.51868e-07 2.15927e-07 1.51617e-07
1.12126e-07 2.40355e-07 2.49032e-07
3.71933e-07 3.39168e-07 2.14598e-07
2.38556e-07 3.41639e-07 2.09893e-07
1.67086e-07 9.07075e-08 9.07442e-08
5.99356e-08 2.44958e-07 8.20354e-08
3.02732e-07 2.03917e-07 8.32291e-08
2.24086e-07 2.06874e-07 3.28544e-07
1.32628e-07 2.13013e-07 2.42616e-07
2.59185e-07 2.96122e-07 3.8837e-08
4.06215e-08 2.62316e-07 1.56911e-07
7.88381e-08 1.81391e-07 1.74905e-07
5.43996e-08 9.24141e-08 6.11536e-08
2.82655e-07 8.36721e-08 2.71607e-07
3.26436e-08 1.5203e-07 3.75436e-07
4.89333e-08 2.33343e-07 1.15043e-08
8.23261e-08 2.56261e-07 1.98499e-07
1.46309e-07 1.10217e-07 7.41737e-08
4.35665e-08 1.54701e-07 3.01167e-07
2.88036e-07 1.70454e-07 3.21315e-07
3.2405e-07 2.59657e-07 3.82017e-07
2.97392e-07 7.46285e-08 3.72583e-07
1.5409e-07 2.54194e-07 2.20039e-07
8.42945e-08 3.5306e-07 7.22493e-08
2.90203e-07 2.3817e-07 2.29259e-07
2.70641e-07 1.73029e-07 1.40878e-07
3.58351e-07 3.18755e-07 1.11158e-07
3.07735e-07 1.94305e-07 2.92573e-07
3.20465e-07 3.01089e-07 8.57627e-08
4.57504e-08 6.20947e-08 2.35385e-07
3.54423e-07 7.69046e-08 2.13381e-07
3.58463e-07 3.12778e-07 2.88741e-07
8.55836e-08 1.93054e-07 3.37332e-07
2.71573e-07 3.20922e-08 2.97448e-07
1.88652e-07 3.41323e-07 2.37238e-07
2.19024e-07 2.99931e-07 1.94102e-07
3.79646e-07 2.14117e-07 3.49681e-07
2.62142e-07 2.14036e-07 2.1008e-07
2.1609e-07 2.10843e-07 2.92655e-07
6.52812e-08 7.96202e-08 1.14601e-07
4.07197e-08 7.56668e-08 3.28851e-07
3.13772e-07 1.78361e-07 1.51932e-07
3.58034e-07 3.78674e-07 1.10993e-07
3.58824e-07 2.32493e-07 2.2268e-07
2.21735e-07 1.96263e-07 1.05883e-07
1.95591e-07 3.14111e-07 3.84262e-07
2.82927e-07 3.34662e-07 3.29352e-07
1.67237e-07 3.41346e-07 3.29476e-07
1.44266e-07 3.01842e-07 2.9501e-07
3.78491e-08 3.5516e-07 2.11419e-07
2.18167e-07 3.01065e-08 1.18705e-07
3.27702e-07 9.75478e-08 2.63985e-07
9.26069e-08 3.74325e-07 3.25981e-07
1.45394e-07 3.22215e-07 1.75697e-07
3.53113e-07 2.16968e-07 5.5581e-08
2.2369e-07 3.2716e-07 8.8166e-08
1.08619e-07 3.69235e-07 8.45245e-08
1.36101e-07 3.02228e-07 9.75007e-08
1.4403e-07 6.40831e-08 2.34872e-07
1.14836e-07 3.85082e-07 2.91016e-07
9.05988e-08 5.91388e-08 1.96963e-07
3.36576e-07 2.67659e-07 5.70494e-08
3.30275e-07 3.6013e-07 2.99712e-08
2.01458e-08 4.8012e-08 1.8681e-07
3.23318e-07 1.52874e-07 1.61595e-08
6.89546e-08 6.01552e-08 1.39533e-07
6.67366e-08 3.72272e-08 2.2495e-07
2.64681e-07 3.02644e-07 2.17618e-07
1.12618e-07 1.04783e-07 5.24071e-08
1.72755e-07 2.68183e-07 1.87408e-07
7.98317e-08 1.39251e-07 2.45157e-07
2.9972e-07 8.51301e-08 2.22062e-07
3.38632e-07 3.22366e-07 1.71851e-07
2.84979e-07 1.41442e-07 3.50915e-07
1.45646e-07 3.55151e-07 2.59953e-07
6.26405e-08 1.50973e-07 2.05185e-07
1.48375e-07 3.39268e-07 1.16905e-07
1.81229e-07 2.00704e-07 2.8191e-07
3.495e-07 3.20196e-07 1.90222e-07
3.68766e-07 3.60049e-07 3.23337e-07
7.82749e-08 1.64643e-07 1.18395e-07
2.58109e-07 2.18795e-07 2.53347e-07
3.31348e-08 2.64229e-07 5.84115e-08
2.0685e-07 8.39172e-08 9.29901e-08
3.20385e-07 1.13051e-07 1.71643e-07
1.94453e-07 1.47751e-07 1.87082e-07
3.4004e-07 3.24616e-07 2.97954e-07
1.95219e-08 6.57103e-08 2.53182e-07
2.36719e-07 2.47656e-07 3.61344e-07
2.19594e-07 3.69979e-07 2.64972e-07
4.47349e-08 1.62883e-07 1.0535e-07
5.04618e-08 1.77672e-07 2.4414e-07
1.11333e-07 3.22157e-07 1.42963e-07
2.28794e-07 1.8012e-07 2.16796e-07
3.40779e-07 1.36903e-07 6.91131e-08
3.17239e-07 3.05544e-07 1.95687e-07
2.01868e-07 3.34302e-07 3.79659e-07
3.65071e-07 2.35495e-07 3.8426e-07
1.9579e-07 3.17712e-08 2.84841e-07
8.90784e-08 1.19417e-07 1.48114e-07
9.7109e-08 6.82947e-08 3.16913e-07
1.27463e-07 3.07601e-07 3.39649e-07
3.68565e-07 2.51426e-07 2.1977e-07
3.46065e-07 2.30799e-07 3.23572e-07
3.51188e-07 1.02465e-07 3.11922e-07
1.78766e-07 2.85658e-07 7.94025e-08
3.27737e-08 2.47489e-08 9.07571e-08
3.52094e-07 1.85507e-07 2.62915e-07
9.78919e-08 1.81694e-07 3.13564e-07
1.50017e-07 1.06459e-07 2.16393e-07
1.93285e-07 2.37709e-07 2.65803e-07
3.22014e-07 3.05289e-07 1.06832e-07
6.77612e-08 2.56351e-07 1.33137e-07
9.24688e-08 1.79075e-07 2.17819e-07
9.20318e-08 3.52764e-07 3.38551e-07
1.17851e-07 2.39501e-07 6.59014e-08
6.87694e-08 3.10987e-07 3.67883e-07
3.42959e-07 7.76407e-08 2.67471e-07
3.37288e-07 1.20223e-07 3.48988e-07
3.42962e-07 2.62327e-07 1.78852e-07
2.68773e-07 2.63075e-07 1.37295e-07
3.45593e-07 2.73572e-07 2.37418e-07
2.43077e-07 2.68945e-07 9.06825e-08
2.69842e-07 1.54883e-07 1.61589e-07
6.95933e-08 5.72992e-08 3.03293e-07
3.69906e-07 2.08068e-07 4.54112e-08
3.57508e-07 2.13324e-07 2.41655e-07
3.0896e-07 6.38403e-08 2.45001e-07
2.13108e-07 2.17993e-07 6.19964e-08
1.42624e-07 2.29467e-07 7.22492e-08
2.2312e-07 1.22355e-07 2.14425e-07
2.91955e-07 3.46902e-07 1.68881e-07
7.08441e-08 2.0237e-07 1.85381e-07
2.0418e-07 5.69748e-08 1.94756e-07
1.5686e-07 3.65148e-07 4.10053e-07
9.83207e-08 2.74082e-07 3.58077e-07
1.46672e-07 2.02585e-07 7.98208e-08
2.5462e-07 2.31027e-07 2.70672e-07
3.13149e-08 2.62977e-07 9.24897e-08
9.14468e-08 2.46199e-07 3.21242e-07
1.92702e-07 3.78838e-07 2.77099e-07
9.6075e-08 3.69223e-07 2.79688e-07
1.55906e-07 1.87336e-07 1.72573e-07
3.46512e-07 3.51837e-07 1.43952e-07
1.18124e-07 1.06706e-07 8.11765e-08
1.72192e-07 2.14342e-07 1.85943e-07
1.1383e-07 7.16982e-08 3.7811e-07
2.14727e-07 2.0605e-07 1.76408e-07
3.69836e-07 7.07665e-08 1.04918e-07
3.87183e-08 3.64438e-07 1.61495e-07
1.96221e-07 1.40209e-07 1.66765e-07
1.05221e-07 1.83865e-07 3.35297e-07
1.95668e-07 1.7361e-07 2.50179e-07
1.07242e-07 3.34804e-08 1.35825e-07
3.99877e-07 8.20287e-08 1.89896e-07
3.42195e-07 8.09229e-08 1.47741e-07
3.58658e-07 5.3581e-08 1.90412e-07
7.79797e-08 1.46912e-07 3.58076e-07
4.48892e-08 1.1022e-07 9.81873e-08
1.97657e-07 3.38569e-08 3.36728e-07
1.48557e-07 7.63007e-09 1.1425e-08
3.9257e-07 3.62996e-07 8.95049e-08
3.13958e-07 1.37185e-07 3.72992e-07
2.4759e-07 2.66601e-07 3.07509e-08
1.1921e-07 3.34841e-07 1.12898e-07
1.90031e-07 9.05288e-08 1.53765e-07
1.10361e-07 6.75348e-08 1.94708e-07
2.71115e-08 3.93507e-07 1.93628e-07
4.7021e-08 1.44713e-07 7.57053e-08
1.62693e-07 1.88022e-07 1.93079e-07
1.67979e-07 3.51501e-07 1.09748e-07
1.48191e-07 2.12121e-07 1.1459e-07
2.36307e-07 3.58227e-07 1.49831e-07
3.70616e-08 2.40956e-08 2.43871e-07
2.93974e-07 3.46694e-07 3.71139e-07
2.05911e-07 1.69571e-07 3.778e-07
2.39341e-07 6.85547e-08 1.81454e-07
3.10437e-07 2.36162e-07 2.2208e-07
1.52398e-07 1.06625e-07 2.48059e-07
6.63718e-08 7.64585e-08 2.14224e-07
1.19291e-07 2.11681e-07 3.28123e-07
3.40571e-07 2.33228e-07 1.61341e-07
2.51001e-07 1.73584e-07 2.70546e-07
3.2986e-07 6.22649e-08 2.40244e-07
2.16877e-07 1.38469e-07 9.80489e-08
3.48997e-07 5.35113e-08 2.44645e-07
4.138e-08 2.37284e-08 3.82824e-07
3.95506e-08 3.92483e-07 2.14791e-07
2.32451e-07 2.25869e-07 3.63325e-07
3.32898e-07 1.07899e-07 3.21952e-07
2.22886e-07 7.39337e-08 6.3118e-08
2.43549e-07 2.45123e-07 2.02556e-07
4.33976e-08 4.70364e-08 2.95011e-07
3.51409e-07 2.28448e-07 3.44589e-07
1.94613e-07 1.42638e-07 2.90018e-07
3.59421e-07 3.16775e-07 1.68577e-07
1.47716e-07 3.71818e-07 3.10364e-07
2.23097e-07 1.11752e-07 2.55442e-07
1.22271e-07 3.08743e-07 3.20085e-08
3.73799e-07 9.93311e-08 3.43518e-07
1.22283e-07 3.66153e-07 2.18471e-07
3.98757e-08 2.32856e-07 2.26377e-07
1.73125e-07 2.99356e-07 2.71435e-07
4.2432e-08 3.56061e-07 2.8361e-07
2.13171e-07 9.34066e-08 2.95717e-07
2.0821e-07 1.25151e-07 2.47396e-07
5.93013e-08 2.81538e-07 3.19404e-07
2.03065e-07 2.11344e-07 3.09855e-07
2.64486e-07 1.02846e-07 6.50918e-08
1.46575e-07 1.95631e-07 1.00531e-07
1.53214e-07 1.21118e-07 2.31887e-07
9.02875e-08 1.52781e-07 2.58287e-07
1.71437e-07 3.78543e-07 2.70672e-07
1.96505e-07 2.26534e-07 1.77486e-07
1.9763e-07 1.01584e-07 3.11536e-07
3.73561e-07 9.38601e-08 2.97392e-07
9.66533e-08 1.55635e-07 1.25963e-07
1.44829e-07 2.0401e-07 1.99041e-08
2.69385e-07 3.16245e-07 3.4279e-07
2.80683e-07 2.942e-07 3.83552e-08
1.57406e-07 1.09762e-07 9.28975e-08
1.01511e-07 2.38569e-07 4.45814e-09
3.20311e-07 4.72313e-08 2.90887e-07
1.27971e-07 3.97222e-08 1.34396e-07
6.3783e-08 2.62969e-07 3.55791e-07
2.16952e-07 7.43748e-08 2.0056e-07
3.92491e-07 1.49413e-07 3.47724e-07
3.22419e-07 1.55796e-07 2.44498e-07
1.88773e-07 1.76474e-07 2.7067e-07
3.05094e-07 1.67267e-07 1.30153e-07
1.8948e-07 1.12862e-07 3.45537e-07
1.0694e-07 8.02062e-08 1.51044e-07
1.10461e-07 2.11928e-07 2.01404e-07
1.45314e-07 1.44403e-07 1.13995e-07
1.55733e-07 1.17886e-07 3.71016e-07
8.08735e-08 3.02795e-07 3.05719e-07
3.60912e-07 1.80489e-07 1.18508e-07
3.40654e-07 1.68721e-07 4.53754e-08
2.29635e-07 3.71478e-07 1.9632e-08
2.8621e-07 3.55446e-07 4.29122e-08
9.11149e-08 1.87397e-07 1.94325e-07
3.48938e-07 2.48913e-07 3.72348e-07
3.12696e-07 2.2783e-07 1.38001e-07
2.59691e-08 2.49186e-07 2.27732e-07
2.26812e-07 9.38742e-08 1.96117e-07
2.88513e-07 2.078e-07 1.69033e-07
3.10372e-07 1.37036e-07 9.4715e-08
5.53486e-08 1.24263e-07 3.75167e-07
2.99099e-07 3.67552e-07 3.71951e-07
2.12208e-07 1.77503e-07 2.63588e-07
2.31405e-07 2.92057e-07 1.54761e-07
3.57742e-07 2.06083e-07 2.65542e-07
3.68293e-07 8.88603e-08 5.38619e-08
1.06586e-07 2.31581e-07 3.3644e-07
1.43561e-07 3.74006e-07 3.92844e-07
3.48967e-07 8.48678e-08 3.59335e-07
2.21597e-07 2.72839e-07 2.76025e-07
3.94217e-07 8.30788e-08 3.90633e-07
2.95199e-07 2.54562e-07 2.64041e-07
2.1442e-07 2.62648e-07 1.35291e-07
2.77936e-07 2.5649e-07 3.30148e-07
3.33853e-07 1.61404e-07 1.92717e-07
2.2815e-07 3.85764e-07 3.55107e-07
1.53134e-07 2.71635e-07 2.07544e-07
2.99152e-07 2.30632e-07 6.10606e-08
1.02916e-07 1.49744e-07 2.33891e-07
2.75424e-07 2.57831e-07 2.13647e-07
3.30767e-07 2.61472e-07 2.4739e-07
6.87351e-08 3.31341e-07 2.78306e-07
2.96753e-07 2.02824e-07 1.2829e-07
2.34381e-07 2.23569e-07 1.88176e-07
3.80583e-08 3.4633e-07 3.93075e-08
3.78596e-08 3.83856e-07 3.18932e-07
3.12085e-07 3.081e-07 1.30594e-07
8.48102e-08 2.8446e-07 2.83432e-07
1.25487e-07 2.99696e-07 2.80114e-07
1.57453e-07 1.53296e-07 2.05891e-07
2.84816e-07 1.27255e-07 2.65733e-07
8.91819e-08 9.17801e-08 3.24039e-07
2.03027e-07 7.04526e-08 1.34012e-07
2.34476e-07 2.67609e-07 2.92798e-07
2.38956e-07 3.55923e-07 1.02923e-07
2.47221e-07 1.27789e-07 1.04501e-07
3.43615e-07 1.25915e-07 2.15511e-07
3.49722e-07 3.43625e-07 2.93628e-07
1.94512e-07 1.19831e-07 1.59942e-07
3.01328e-07 1.38779e-07 3.08626e-07
1.08958e-07 2.34668e-07 3.1499e-07
1.27488e-07 2.60128e-07 2.59584e-07
3.8444e-07 8.42089e-08 3.18924e-07
1.72202e-07 2.5213e-07 2.72383e-07
5.88536e-08 1.54962e-07 1.19865e-07
2.51212e-07 8.85748e-08 1.77324e-07
7.23814e-08 2.20848e-07 3.60601e-07
5.88726e-08 2.95292e-07 3.36151e-07
1.93596e-07 1.10903e-07 7.74726e-08
3.33914e-07 2.98699e-07 3.65297e-07
2.7005e-07 2.77171e-07 3.01177e-07
1.28088e-07 1.58537e-07 1.33542e-07
5.07309e-08 3.18967e-07 2.3553e-07
2.35758e-07 8.55008e-08 2.29893e-07
3.59006e-07 2.21386e-07 1.96112e-07
7.75582e-08 8.91554e-08 3.42418e-07
3.3605e-07 3.42747e-07 1.60775e-07
3.08353e-07 3.57999e-08 1.20678e-07
1.93549e-07 3.24137e-07 2.49149e-07
6.59058e-08 8.739e-08 1.43844e-07
5.01312e-08 2.33802e-07 6.64278e-08
1.55859e-07 4.89263e-08 1.16685e-07
2.46612e-07 3.44214e-07 4.40926e-08
3.11162e-07 2.99266e-08 2.13656e-07
1.79453e-07 3.73886e-07 3.15374e-07
3.45265e-07 1.07386e-07 4.10101e-08
5.4308e-08 2.79897e-08 9.20535e-08
3.41227e-07 1.78853e-07 1.10108e-07
5.57215e-08 1.90941e-08 1.181e-07
6.51054e-08 2.5006e-07 1.87186e-07
2.68955e-07 6.52482e-08 3.97027e-07
2.80015e-07 1.16451e-07 1.4527e-07
3.14222e-07 8.31634e-08 1.5469e-07
1.98257e-08 2.07985e-07 7.86382e-08
3.50826e-07 3.3824e-08 1.14525e-07
3.28149e-07 1.767e-07 2.69067e-07
2.97951e-07 1.26266e-07 6.98055e-08
5.80994e-08 3.95531e-08 1.24232e-07
4.92003e-08 9.17056e-08 1.97588e-07
2.15538e-07 1.3839e-07 2.62758e-07
6.23317e-08 1.64844e-07 1.58473e-07
2.78492e-07 1.4656e-07 2.73234e-07
1.21634e-07 3.42443e-07 2.59206e-07
4.1764e-08 1.99881e-07 2.40272e-07
1.75857e-07 3.78888e-07 1.86758e-07
2.06573e-07 9.41953e-08 3.58747e-07
7.45818e-08 2.89027e-07 1.96585e-07
9.96918e-08 6.80855e-08 2.3109e-07
2.93398e-07 9.20274e-08 1.73115e-07
2.91647e-07 2.41671e-07 2.80941e-07
1.86103e-07 1.33251e-07 3.68292e-07
1.80679e-07 1.32018e-07 1.05424e-07
2.12182e-07 6.26084e-08 2.57684e-07
1.47874e-07 3.7321e-07 1.43997e-07
1.5926e-07 1.60242e-07 3.07601e-07
1.71427e-07 3.75432e-07 3.35214e-07
2.85205e-07 3.32239e-07 1.1953e-07
2.60078e-07 3.30889e-08 3.33377e-07
