150 4.20584e-18 -6.91357e-18 2.23364e-17 2.37571e-17 3.58029e-18
175 4.70044e-18 -4.65592e-18 3.02875e-17 3.10017e-17 4.60139e-18
200 1.59805e-18 -3.85144e-18 6.11681e-17 6.13101e-17 4.54935e-18
225 3.8518e-18 -1.31352e-17 1.00355e-16 1.01284e-16 4.74744e-18
250 1.87567e-18 -1.5412e-17 1.16984e-16 1.1801e-16 5.57945e-18
275 -2.5986e-18 -1.44216e-17 1.42675e-16 1.43425e-16 7.07316e-18
300 6.64588e-18 3.67479e-19 1.38587e-16 1.38747e-16 6.30675e-18
325 -1.13181e-17 6.37877e-18 1.39169e-16 1.39774e-16 8.03398e-18
350 7.99988e-19 -3.06252e-18 1.2675e-16 1.26789e-16 8.06833e-18
375 -6.50177e-19 -6.15871e-18 1.11602e-16 1.11774e-16 1.07285e-17
400 5.41942e-18 -6.04844e-18 1.21328e-16 1.21599e-16 1.0487e-17
