TemperIntr - Extr - Easy - 
400 -8.70127e-19 0 1.18574e-17 
350 -9.42704e-19 0 1.05691e-17 
300 -1.08572e-18 0 9.10999e-18 
250 -1.15597e-18 0 7.17132e-18 
200 -1.22594e-18 0 5.97227e-18 
150 -1.25866e-18 0 4.119e-18 
TemperIntr - Extr - Easy - 
150 -1.26273e-18 -2.11453e-19 4.206e-18 
200 -1.28087e-18 -3.60756e-19 5.69137e-18 
250 -1.32945e-18 -6.58162e-19 7.37283e-18 
300 -1.1219e-18 -9.08062e-19 8.51318e-18 
350 -9.00446e-19 -1.05411e-18 1.05186e-17 
400 -9.10619e-19 -1.08491e-18 1.22568e-17 
