150 -1.25574e-17 -2.88219e-18 2.99694e-17 3.26215e-17 4.10806e-18
175 -1.20875e-17 -2.57033e-18 3.36072e-17 3.58073e-17 3.54861e-18
200 -1.4226e-17 -1.64693e-18 3.95106e-17 4.20259e-17 3.73917e-18
225 -1.47107e-17 -3.97071e-18 5.19232e-17 5.41128e-17 4.31499e-18
250 -1.12535e-17 3.52335e-19 7.09896e-17 7.18769e-17 4.66716e-18
275 -7.552e-18 -5.62701e-19 8.93449e-17 8.96652e-17 5.26188e-18
300 -1.30333e-18 -1.11892e-18 1.13887e-16 1.139e-16 5.53781e-18
325 7.03357e-18 -4.48432e-18 1.28175e-16 1.28446e-16 5.31379e-18
350 4.59683e-18 8.58039e-18 1.22629e-16 1.23014e-16 7.67125e-18
375 5.00094e-18 9.21286e-18 1.14268e-16 1.14748e-16 6.84015e-18
400 1.04821e-17 1.99967e-18 1.03641e-16 1.04189e-16 6.75126e-18
