400 -2.06964e-18 1.18357e-17 1.05137e-16 1.05822e-16 7.75462e-18
375 -5.35234e-19 -1.49231e-18 1.23025e-16 1.23035e-16 6.56664e-18
350 5.793e-18 -5.14188e-18 1.13734e-16 1.13998e-16 7.98342e-18
325 -3.90671e-18 -6.04409e-18 1.21655e-16 1.21867e-16 6.32475e-18
300 -1.18154e-17 -1.21434e-17 1.33581e-16 1.34651e-16 5.74493e-18
275 -6.03346e-18 -3.96998e-18 1.38839e-16 1.39026e-16 6.24044e-18
250 -6.47529e-18 4.97702e-20 1.47974e-16 1.48116e-16 4.65449e-18
225 -7.94237e-18 -5.38515e-18 1.45054e-16 1.45371e-16 4.35629e-18
200 -6.9475e-18 -6.16094e-18 1.50239e-16 1.50525e-16 3.68563e-18
175 -5.87978e-18 -3.48181e-18 1.53693e-16 1.53845e-16 4.67655e-18
150 -6.24615e-18 -6.70875e-18 1.51815e-16 1.52092e-16 4.19077e-18
