400 3.00016e-18 3.57441e-18 1.27011e-16 1.27097e-16 7.95e-18
375 1.1831e-17 1.78003e-17 1.43532e-16 1.45115e-16 7.04847e-18
350 6.21754e-18 -1.3243e-17 1.66056e-16 1.66699e-16 6.21087e-18
325 1.66522e-18 -3.56213e-18 1.71408e-16 1.71453e-16 8.1283e-18
300 5.04534e-18 2.65563e-18 1.68344e-16 1.68441e-16 8.19772e-18
275 -2.24645e-18 7.56281e-18 1.7538e-16 1.75557e-16 6.09005e-18
250 2.43955e-18 1.0809e-17 1.86394e-16 1.86723e-16 6.80096e-18
225 6.11683e-19 8.03584e-18 1.92449e-16 1.92618e-16 5.01887e-18
200 1.53461e-18 1.05489e-17 1.92279e-16 1.92574e-16 4.84785e-18
175 1.71124e-18 1.14056e-17 1.93641e-16 1.93984e-16 5.41337e-18
150 2.82591e-18 9.21578e-18 1.98121e-16 1.98355e-16 4.60395e-18
