TemperIntr - Extr - Easy - 
400 -5.13781e-19 0 1.43161e-17 
375 -5.98455e-19 0 1.36053e-17 
350 -6.96036e-19 0 1.28092e-17 
325 -6.98436e-19 0 1.1601e-17 
300 -8.37924e-19 0 1.00238e-17 
275 -7.9952e-19 0 9.494e-18 
250 -8.9121e-19 0 8.57958e-18 
225 -9.24033e-19 0 7.76725e-18 
200 -9.15643e-19 0 6.34572e-18 
175 -9.4502e-19 0 5.9372e-18 
150 -9.51368e-19 0 5.04363e-18 
TemperIntr - Extr - Easy - 
150 -9.43892e-19 -3.11494e-19 4.83096e-18 
175 -9.25958e-19 -3.34738e-19 5.69985e-18 
200 -1.04464e-18 -3.7524e-19 6.78519e-18 
225 -1.05023e-18 -5.23193e-19 7.5388e-18 
250 -9.06239e-19 -7.2018e-19 8.40104e-18 
275 -9.96508e-19 -9.30897e-19 9.76803e-18 
300 -9.0901e-19 -1.15459e-18 1.02377e-17 
325 -8.15308e-19 -1.27797e-18 1.11989e-17 
350 -7.30517e-19 -1.17138e-18 1.20729e-17 
375 -6.67237e-19 -1.18732e-18 1.32659e-17 
400 -6.65167e-19 -1.11427e-18 1.43579e-17 
