150 1.95425e-17 -1.71686e-17 2.83447e-17 3.84719e-17 4.34348e-18
175 1.99998e-17 -1.55216e-17 3.23829e-17 4.11043e-17 4.19209e-18
200 2.21147e-17 -1.36044e-17 3.64972e-17 4.47905e-17 5.51164e-18
225 2.25073e-17 -1.28208e-17 5.17284e-17 5.78514e-17 5.91116e-18
250 2.66126e-17 -1.03543e-17 7.67321e-17 8.18734e-17 5.95236e-18
275 1.75849e-17 -1.37842e-17 1.017e-16 1.04126e-16 6.51556e-18
300 2.44202e-17 -6.53993e-18 1.22718e-16 1.25295e-16 8.36518e-18
325 1.28569e-17 -9.39999e-18 1.51046e-16 1.51884e-16 5.44828e-18
350 4.60504e-18 -1.34332e-18 1.58614e-16 1.58687e-16 5.98784e-18
375 1.19523e-17 -8.14189e-18 1.51829e-16 1.52517e-16 6.88277e-18
400 -5.29226e-18 -2.0048e-17 1.54783e-16 1.56166e-16 7.83655e-18
