TemperIntr - Extr - Easy - 
400 -1.28703e-18 0 2.0854e-17 
375 -1.4109e-18 0 1.93469e-17 
350 -1.57061e-18 0 1.73386e-17 
325 -1.64477e-18 0 1.61808e-17 
300 -1.72285e-18 0 1.45377e-17 
275 -1.80411e-18 0 1.35113e-17 
250 -1.78256e-18 0 1.22534e-17 
225 -1.93189e-18 0 1.06163e-17 
200 -1.80421e-18 0 9.45312e-18 
175 -1.91652e-18 0 8.16549e-18 
150 -1.82132e-18 0 6.92991e-18 
TemperIntr - Extr - Easy - 
150 -1.93994e-18 -2.88991e-19 7.25138e-18 
175 -1.83896e-18 -3.03923e-19 8.63367e-18 
200 -1.94347e-18 -3.6975e-19 9.76974e-18 
225 -2.11138e-18 -5.67944e-19 1.09087e-17 
250 -2.06517e-18 -7.46318e-19 1.19861e-17 
275 -1.93895e-18 -1.06623e-18 1.35855e-17 
300 -1.96328e-18 -1.30717e-18 1.4791e-17 
325 -1.75024e-18 -1.54101e-18 1.57867e-17 
350 -1.60699e-18 -1.59834e-18 1.73645e-17 
375 -1.59444e-18 -1.50656e-18 1.8503e-17 
400 -1.42867e-18 -1.52197e-18 2.00972e-17 
