150 1.23714e-17 -7.8845e-18 4.00365e-17 4.26396e-17 4.01587e-18
175 1.71089e-17 -9.17449e-18 4.26917e-17 4.68985e-17 4.13093e-18
200 1.45017e-17 -8.96492e-18 4.87165e-17 5.16136e-17 4.61879e-18
225 1.44975e-17 -8.87602e-18 5.68734e-17 5.93594e-17 5.87095e-18
250 1.44109e-17 -1.23465e-17 7.06945e-17 7.31971e-17 5.46953e-18
275 5.20206e-18 -1.45682e-17 8.06098e-17 8.20807e-17 4.95858e-18
300 8.57983e-18 -1.08395e-17 1.06462e-16 1.07356e-16 6.91525e-18
325 6.27141e-18 -1.16346e-17 1.18645e-16 1.19379e-16 6.81167e-18
350 1.12394e-17 -1.45753e-17 1.19612e-16 1.2102e-16 5.5247e-18
375 1.053e-17 6.93752e-18 1.32702e-16 1.333e-16 6.12516e-18
400 -8.65749e-19 4.61502e-20 1.27362e-16 1.27365e-16 5.61388e-18
