150 3.83326e-18 -1.33833e-17 3.17211e-17 3.46415e-17 3.27192e-18
175 3.61642e-18 -1.35653e-17 3.46944e-17 3.74272e-17 3.21768e-18
200 5.44496e-18 -1.20919e-17 4.26047e-17 4.46209e-17 3.66308e-18
225 5.25697e-18 -9.61418e-18 5.34332e-17 5.45452e-17 4.52963e-18
250 6.95186e-18 -5.06056e-18 6.82099e-17 6.87497e-17 4.45213e-18
275 1.2633e-17 -5.30733e-18 8.3859e-17 8.49712e-17 5.14767e-18
300 7.67259e-18 -5.92197e-18 8.21135e-17 8.26835e-17 5.88474e-18
325 7.48239e-18 -4.71381e-18 9.07512e-17 9.1181e-17 8.28157e-18
350 4.15359e-18 -8.48225e-18 9.59174e-17 9.63813e-17 7.06116e-18
375 3.55839e-18 -1.47665e-18 1.06143e-16 1.06213e-16 7.00027e-18
400 -2.91846e-18 2.37187e-18 9.59515e-17 9.60252e-17 7.57486e-18
