400 -7.96326e-18 -4.599e-18 9.04807e-17 9.09468e-17 7.40261e-18
375 3.81478e-18 2.4451e-19 9.03391e-17 9.04199e-17 6.41951e-18
350 -6.07934e-18 -5.09911e-18 9.28394e-17 9.31779e-17 5.23558e-18
325 -9.28114e-18 -1.35976e-17 9.55307e-17 9.69389e-17 5.66324e-18
300 -3.13392e-19 -9.35203e-18 1.0639e-16 1.068e-16 6.44252e-18
275 2.41582e-18 -3.74478e-18 1.15481e-16 1.15567e-16 5.67207e-18
250 4.82851e-18 2.44574e-18 1.21952e-16 1.22072e-16 5.82466e-18
225 5.70011e-18 -2.88752e-18 1.17265e-16 1.17439e-16 4.53602e-18
200 1.20361e-18 4.74493e-18 1.18569e-16 1.1867e-16 4.16001e-18
175 2.44122e-18 3.14934e-18 1.22067e-16 1.22132e-16 3.84787e-18
150 2.7078e-18 3.98805e-18 1.22128e-16 1.22223e-16 3.78242e-18
