400 -3.14102e-18 1.03221e-19 1.06867e-16 1.06914e-16 1.06115e-17
375 1.91762e-18 -2.00337e-18 1.2233e-16 1.22361e-16 7.53967e-18
350 -3.12718e-18 -1.05579e-17 1.38318e-16 1.38755e-16 7.17281e-18
325 -3.143e-19 -4.50851e-18 1.22907e-16 1.2299e-16 6.43675e-18
300 -7.75539e-18 -7.7166e-18 1.34698e-16 1.35142e-16 7.0327e-18
275 -1.2322e-18 -1.3337e-17 1.40352e-16 1.40989e-16 5.24568e-18
250 3.45763e-18 -1.65409e-17 1.44138e-16 1.45125e-16 5.66806e-18
225 2.49194e-18 -1.11507e-17 1.42884e-16 1.4334e-16 6.65423e-18
200 -4.94472e-19 -1.64219e-17 1.44172e-16 1.45105e-16 4.66815e-18
175 1.16401e-18 -1.51381e-17 1.46568e-16 1.47352e-16 4.94147e-18
150 2.71783e-19 -1.34603e-17 1.47405e-16 1.48018e-16 4.01664e-18
