TemperIntr - Extr - Easy - 
400 -6.69947e-18 0 2.18232e-17 
375 -7.3547e-18 0 1.89664e-17 
350 -7.70495e-18 0 1.73122e-17 
325 -8.20191e-18 0 1.6783e-17 
300 -8.4651e-18 0 1.47742e-17 
275 -8.60178e-18 0 1.35571e-17 
250 -8.84333e-18 0 1.23183e-17 
225 -8.88497e-18 0 1.07798e-17 
200 -9.02367e-18 0 9.68977e-18 
175 -9.36664e-18 0 8.91638e-18 
150 -9.29378e-18 0 7.56042e-18 
TemperIntr - Extr - Easy - 
150 -9.31192e-18 -3.49214e-19 7.78763e-18 
175 -9.26238e-18 -4.17564e-19 9.03838e-18 
200 -9.32491e-18 -4.92107e-19 9.95702e-18 
225 -9.21356e-18 -6.26073e-19 1.13398e-17 
250 -9.191e-18 -6.81926e-19 1.21491e-17 
275 -8.96793e-18 -8.30345e-19 1.35978e-17 
300 -8.67443e-18 -1.17024e-18 1.4869e-17 
325 -8.64469e-18 -1.15357e-18 1.58401e-17 
350 -8.15601e-18 -1.21021e-18 1.73363e-17 
375 -7.61068e-18 -1.27235e-18 1.90905e-17 
400 -7.67679e-18 -1.29503e-18 2.03333e-17 
