TemperIntr - Extr - Easy - 
400 -3.44758e-18 0 1.48041e-17 
375 -3.91613e-18 0 1.3577e-17 
350 -4.14879e-18 0 1.21578e-17 
325 -4.49475e-18 0 1.17684e-17 
300 -4.74503e-18 0 1.03376e-17 
275 -4.86251e-18 0 9.78269e-18 
250 -4.82667e-18 0 8.8365e-18 
225 -4.97157e-18 0 7.80973e-18 
200 -5.02118e-18 0 6.7117e-18 
175 -5.12924e-18 0 6.06903e-18 
150 -5.22295e-18 0 5.32935e-18 
TemperIntr - Extr - Easy - 
150 -5.13869e-18 -3.08721e-19 5.26252e-18 
175 -5.14226e-18 -3.71046e-19 6.06892e-18 
200 -5.174e-18 -4.49971e-19 6.93388e-18 
225 -5.28686e-18 -5.20397e-19 7.6731e-18 
250 -5.18506e-18 -7.03229e-19 8.39792e-18 
275 -5.07483e-18 -8.847e-19 9.23365e-18 
300 -4.80205e-18 -8.3296e-19 1.02119e-17 
325 -4.44779e-18 -9.0257e-19 1.11159e-17 
350 -4.29971e-18 -9.74041e-19 1.21937e-17 
375 -4.09686e-18 -1.06297e-18 1.31463e-17 
400 -3.75331e-18 -9.80936e-19 1.45735e-17 
