400 5.07241e-18 1.24881e-18 1.10174e-16 1.10298e-16 6.83586e-18
375 -6.92668e-18 3.80427e-18 1.17352e-16 1.17618e-16 6.9659e-18
350 5.3308e-18 7.87427e-19 1.26367e-16 1.26482e-16 7.43784e-18
325 -7.9562e-18 -2.67636e-18 1.23305e-16 1.2359e-16 6.41361e-18
300 1.35869e-18 -9.05748e-18 1.31688e-16 1.32006e-16 5.99806e-18
275 1.60073e-18 -1.1636e-18 1.44198e-16 1.44212e-16 5.57576e-18
250 2.92179e-18 -6.01817e-19 1.57828e-16 1.57856e-16 5.31853e-18
225 4.37493e-18 -1.35093e-17 1.57334e-16 1.57974e-16 4.45784e-18
200 -5.17605e-19 -1.32164e-17 1.57906e-16 1.58459e-16 3.95955e-18
175 5.3075e-19 -1.6152e-17 1.61484e-16 1.6229e-16 4.94918e-18
150 -6.04236e-19 -1.63624e-17 1.62216e-16 1.6304e-16 4.20312e-18
