TemperIntr - Extr - Easy - 
400 -5.981e-20 0 1.41857e-17 
375 -1.00107e-19 0 1.33493e-17 
350 -1.74641e-19 0 1.27392e-17 
325 -1.65599e-19 0 1.17665e-17 
300 -2.13741e-19 0 1.01354e-17 
275 -2.16707e-19 0 9.40164e-18 
250 -2.2823e-19 0 8.49019e-18 
225 -2.14217e-19 0 7.56797e-18 
200 -2.25992e-19 0 6.43632e-18 
175 -2.78509e-19 0 5.91493e-18 
150 -2.57009e-19 0 4.9021e-18 
TemperIntr - Extr - Easy - 
150 -2.24285e-19 -2.34824e-19 4.81891e-18 
175 -2.53807e-19 -2.46672e-19 5.94172e-18 
200 -2.3661e-19 -3.04651e-19 6.88178e-18 
225 -2.67924e-19 -4.12901e-19 7.37663e-18 
250 -2.61749e-19 -6.3718e-19 8.61244e-18 
275 -2.59251e-19 -9.62898e-19 9.55587e-18 
300 -2.61458e-19 -1.20207e-18 1.00989e-17 
325 -2.36922e-19 -1.36369e-18 1.16532e-17 
350 -1.74336e-19 -1.25888e-18 1.25862e-17 
375 -1.4773e-19 -1.31113e-18 1.32587e-17 
400 -1.29772e-19 -1.06783e-18 1.43663e-17 
