150 -3.98737e-18 -3.10759e-18 2.28805e-17 2.34323e-17 3.25348e-18
175 -3.17934e-18 -3.58366e-18 2.6455e-17 2.68852e-17 4.01626e-18
200 -2.04343e-18 -4.80364e-18 3.12659e-17 3.16987e-17 3.05865e-18
225 -5.53044e-18 -1.29933e-17 4.25851e-17 4.48654e-17 4.3535e-18
250 -5.48709e-18 -9.00907e-18 6.5004e-17 6.58543e-17 4.20256e-18
275 -3.16109e-18 -6.59543e-18 9.13143e-17 9.16067e-17 5.18504e-18
300 -1.93619e-18 1.24696e-18 1.14307e-16 1.1433e-16 5.79928e-18
325 1.42492e-17 7.97411e-19 1.32807e-16 1.33572e-16 6.40709e-18
350 2.97026e-18 8.44403e-18 1.28042e-16 1.28354e-16 7.07967e-18
375 -5.20175e-18 1.36183e-18 1.22509e-16 1.22627e-16 6.34652e-18
400 -9.5089e-19 -3.41951e-19 1.09362e-16 1.09367e-16 6.37028e-18
