TemperIntr - Extr - Easy - 
400 -3.07235e-19 0 2.10466e-17 
375 -3.9403e-19 0 1.91705e-17 
350 -3.90724e-19 0 1.74733e-17 
325 -4.30695e-19 0 1.62451e-17 
300 -4.61595e-19 0 1.443e-17 
275 -4.94433e-19 0 1.33078e-17 
250 -5.08181e-19 0 1.20109e-17 
225 -5.15559e-19 0 1.04732e-17 
200 -5.47043e-19 0 9.40253e-18 
175 -5.65765e-19 0 8.03219e-18 
150 -5.59267e-19 0 6.75619e-18 
TemperIntr - Extr - Easy - 
150 -5.89815e-19 -3.54033e-19 7.08647e-18 
175 -5.6233e-19 -4.14493e-19 8.54129e-18 
200 -6.08908e-19 -4.41181e-19 9.61725e-18 
225 -6.23239e-19 -6.01645e-19 1.10388e-17 
250 -5.96083e-19 -8.38014e-19 1.20593e-17 
275 -5.3601e-19 -1.05013e-18 1.33711e-17 
300 -4.73528e-19 -1.42767e-18 1.46653e-17 
325 -6.02922e-19 -1.70886e-18 1.57745e-17 
350 -3.92763e-19 -1.59046e-18 1.72226e-17 
375 -4.92639e-19 -1.70546e-18 1.8873e-17 
400 -3.67164e-19 -1.65345e-18 2.0323e-17 
