150 -6.58852e-18 -2.80722e-18 3.84424e-17 3.91038e-17 3.81132e-18
175 -6.22127e-18 -2.46845e-18 4.28734e-17 4.33927e-17 4.41546e-18
200 -6.25756e-18 -5.34755e-18 4.56668e-17 4.64027e-17 5.01344e-18
225 -4.81364e-18 -7.41516e-18 5.71404e-17 5.78203e-17 4.40931e-18
250 -1.35233e-18 1.13742e-18 8.39685e-17 8.3987e-17 5.58801e-18
275 -1.83387e-18 -6.52183e-18 1.03628e-16 1.03849e-16 8.1722e-18
300 8.88011e-18 9.30006e-18 1.35358e-16 1.35968e-16 7.94068e-18
325 1.58564e-17 -1.87376e-18 1.60386e-16 1.61179e-16 7.36712e-18
350 1.686e-17 7.62932e-18 1.6558e-16 1.66611e-16 8.03548e-18
375 9.84767e-18 -1.49905e-17 1.60449e-16 1.61449e-16 9.63692e-18
400 -1.91291e-18 -1.18032e-18 1.71579e-16 1.71594e-16 6.26565e-18
