400 5.62137e-18 1.14049e-17 1.41059e-16 1.41631e-16 7.36874e-18
375 4.69653e-18 3.30778e-18 1.61951e-16 1.62053e-16 8.09411e-18
350 5.46921e-18 -4.08001e-18 1.72029e-16 1.72165e-16 6.33107e-18
325 -4.06374e-18 -2.37975e-17 1.76112e-16 1.77759e-16 6.34261e-18
300 -6.65227e-18 -2.21598e-17 1.90816e-16 1.92213e-16 6.06073e-18
275 -1.41983e-17 -2.09408e-17 2.0632e-16 2.07865e-16 5.65971e-18
250 -5.96898e-18 -9.91004e-18 2.14611e-16 2.14923e-16 6.20057e-18
225 -5.39303e-18 -1.31983e-17 2.23873e-16 2.24326e-16 7.38091e-18
200 -4.97981e-18 -1.31644e-17 2.17332e-16 2.17787e-16 5.37946e-18
175 -5.28017e-18 -1.6056e-17 2.16855e-16 2.17513e-16 4.48068e-18
150 -5.95541e-18 -1.58632e-17 2.22939e-16 2.23582e-16 4.25346e-18
