400 -3.27579e-18 -1.47282e-18 1.17842e-16 1.17897e-16 1.07784e-17
375 -2.79566e-18 -2.4773e-18 1.22949e-16 1.23006e-16 9.8729e-18
350 3.03555e-18 7.29404e-19 1.20217e-16 1.20257e-16 9.04055e-18
325 4.1492e-18 -2.07535e-18 1.35614e-16 1.35693e-16 9.36356e-18
300 -4.51989e-18 -5.56884e-18 1.51241e-16 1.51411e-16 7.7615e-18
275 -5.09528e-19 -8.02236e-19 1.51618e-16 1.51621e-16 7.7791e-18
250 -8.74629e-18 1.38396e-18 1.50816e-16 1.51075e-16 7.54138e-18
225 -1.85509e-18 -2.8576e-18 1.62343e-16 1.62378e-16 5.39308e-18
200 -2.76328e-18 -4.82281e-18 1.67834e-16 1.67926e-16 4.70553e-18
175 1.395e-19 -4.6133e-18 1.6924e-16 1.69303e-16 4.43626e-18
150 2.73148e-18 -4.70528e-18 1.70846e-16 1.70933e-16 3.85176e-18
