150 -2.92862e-18 -1.34917e-17 5.04242e-17 5.228e-17 4.75943e-18
175 -4.91611e-18 -1.20963e-17 5.70304e-17 5.8506e-17 5.31739e-18
200 -1.44947e-17 -1.47939e-17 8.51113e-17 8.7595e-17 6.44753e-18
225 -1.28993e-17 -1.20122e-17 1.19951e-16 1.21239e-16 7.37328e-18
250 6.73771e-19 -1.08047e-17 1.61879e-16 1.6224e-16 7.03335e-18
275 -7.76581e-18 -6.32244e-18 1.83374e-16 1.83647e-16 7.079e-18
300 -1.54783e-18 -1.29982e-17 1.82488e-16 1.82957e-16 8.41047e-18
325 -9.40587e-19 -1.6657e-17 1.8111e-16 1.81877e-16 9.61061e-18
350 -5.82289e-18 5.23739e-18 1.67696e-16 1.67879e-16 1.03597e-17
375 6.04912e-18 4.82643e-18 1.63771e-16 1.63953e-16 1.12625e-17
400 -1.0521e-17 5.78766e-18 1.57047e-16 1.57505e-16 1.31707e-17
