TemperIntr - Extr - Easy - 
400 -7.45734e-19 0 1.51515e-17 
375 -7.54953e-19 0 1.34184e-17 
350 -7.45597e-19 0 1.23593e-17 
325 -8.72621e-19 0 1.12951e-17 
300 -8.51213e-19 0 1.07189e-17 
275 -1.01236e-18 0 9.4417e-18 
250 -9.68511e-19 0 8.65762e-18 
225 -1.00469e-18 0 7.39635e-18 
200 -1.07386e-18 0 6.46843e-18 
175 -1.12446e-18 0 5.67692e-18 
150 -1.05983e-18 0 4.71082e-18 
TemperIntr - Extr - Easy - 
150 -1.12311e-18 -3.21751e-19 4.97681e-18 
175 -1.22178e-18 -4.2337e-19 5.7983e-18 
200 -1.14347e-18 -7.21089e-19 6.88363e-18 
225 -1.11532e-18 -9.6305e-19 7.48199e-18 
250 -9.30537e-19 -1.34825e-18 8.29404e-18 
275 -8.96424e-19 -1.40918e-18 9.5361e-18 
300 -8.27259e-19 -1.41282e-18 1.04187e-17 
325 -7.6384e-19 -1.39374e-18 1.19016e-17 
350 -7.98779e-19 -1.32406e-18 1.2233e-17 
375 -7.15569e-19 -1.2081e-18 1.35111e-17 
400 -5.85317e-19 -1.1528e-18 1.461e-17 
