150 1.89118e-17 1.56117e-18 3.22827e-17 3.74468e-17 4.02547e-18
175 1.57798e-17 -1.12936e-18 4.22869e-17 4.51492e-17 4.4907e-18
200 1.52704e-17 -2.93217e-20 6.83756e-17 7.006e-17 5.64847e-18
225 1.07777e-18 2.13428e-18 9.531e-17 9.534e-17 5.6718e-18
250 3.15133e-19 7.37524e-19 1.22279e-16 1.22282e-16 8.07844e-18
275 -1.10487e-17 -5.93734e-19 1.40559e-16 1.40994e-16 8.3213e-18
300 1.88024e-18 -6.88797e-18 1.42789e-16 1.42968e-16 7.15948e-18
325 -4.02034e-18 3.2492e-18 1.3496e-16 1.35059e-16 9.7331e-18
350 -2.85292e-18 -1.3242e-17 1.30968e-16 1.31667e-16 1.08422e-17
375 -2.7484e-18 -9.88366e-18 1.15878e-16 1.16332e-16 1.093e-17
400 -2.39723e-18 -3.46788e-18 1.04199e-16 1.04285e-16 1.34053e-17
