400 -6.0826e-18 2.58408e-18 1.43843e-16 1.43995e-16 9.52106e-18
375 -1.2922e-17 9.61411e-18 1.68095e-16 1.68865e-16 1.12581e-17
350 -9.29015e-18 -4.26171e-18 1.79551e-16 1.79842e-16 1.32335e-17
325 -1.30437e-17 1.60642e-18 1.89055e-16 1.89512e-16 1.14705e-17
300 -1.81822e-17 -9.94969e-18 1.94604e-16 1.95705e-16 9.24796e-18
275 -5.07049e-18 1.4079e-18 2.00209e-16 2.00278e-16 8.9364e-18
250 -1.75198e-18 -3.94192e-18 2.029e-16 2.02945e-16 6.89789e-18
225 -1.1554e-18 5.75354e-18 2.15631e-16 2.15711e-16 6.07587e-18
200 4.72993e-19 4.02147e-18 2.20219e-16 2.20256e-16 5.33744e-18
175 2.54632e-19 8.54244e-18 2.26053e-16 2.26215e-16 5.45428e-18
150 1.34426e-18 9.80263e-18 2.27539e-16 2.27754e-16 4.64975e-18
