TemperIntr - Extr - Easy - 
400 -1.51624e-18 0 2.03839e-17 
375 -1.63621e-18 0 1.91051e-17 
350 -1.73473e-18 0 1.74341e-17 
325 -1.86327e-18 0 1.65618e-17 
300 -1.97114e-18 0 1.47882e-17 
275 -2.00778e-18 0 1.33149e-17 
250 -2.0329e-18 0 1.20642e-17 
225 -2.18052e-18 0 1.053e-17 
200 -2.21821e-18 0 9.53133e-18 
175 -2.192e-18 0 8.16077e-18 
150 -2.21287e-18 0 6.72589e-18 
TemperIntr - Extr - Easy - 
150 -2.2818e-18 -4.84033e-19 7.18624e-18 
175 -2.2923e-18 -5.46672e-19 8.1234e-18 
200 -2.43379e-18 -8.92668e-19 9.53858e-18 
225 -2.2306e-18 -1.27286e-18 1.06678e-17 
250 -2.06633e-18 -1.62905e-18 1.18117e-17 
275 -1.88871e-18 -1.86879e-18 1.29047e-17 
300 -1.73611e-18 -1.7914e-18 1.48762e-17 
325 -1.66507e-18 -1.79332e-18 1.62191e-17 
350 -1.56118e-18 -1.62167e-18 1.74467e-17 
375 -1.44182e-18 -1.67814e-18 1.94023e-17 
400 -1.44406e-18 -1.69708e-18 2.03389e-17 
