0 0 0
-11.1081 -4.29365 10.4984
-14.3774 -12.9711 -15.7193
-18.63 12.8339 -18.904
-10.3434 1.86203 -10.0665
-4.3617 -4.29373 -11.0211
-11.7609 -5.66453 4.47828
-8.88073 6.38611 18.5985
-6.47649 8.06202 -16.2219
17.6595 -8.80122 -14.2824
1.13631 5.08584 0.119787
-7.19392 2.14935 9.7488
-1.22302 6.09675 -19.7299
19.6235 -4.57816 5.66665
12.7877 -17.9638 -8.91475
11.284 -17.5643 7.22435
-1.53553 -16.7109 1.19449
18.7239 -4.9773 17.3966
-7.59113 -5.19316 8.44936
-14.9525 17.8865 19.6514
-11.5068 -9.86309 -1.03375
-12.5136 12.1267 16.9713
-3.80816 -6.25821 -1.72334
-0.370488 1.94035 0.804664
-0.463163 -18.223 -6.72762
19.9995 15.2658 10.1209
15.5389 -8.48931 -13.4659
7.01672 9.12178 8.92015
-4.72453 -7.81782 -3.58637
-16.7421 -7.4631 10.221
7.99125 1.67657 -4.95642
9.88029 16.4429 4.82667
-1.50476 -4.18155 17.3308
-10.8952 8.8087 17.2833
15.5523 -7.4434 -1.72885
-1.9304 -5.02106 14.4806
0.123943 16.0499 -8.5748
10.1776 11.7445 13.9285
-19.7116 -17.0398 12.8912
-7.2042 -19.8344 10.4936
-2.26528 8.97981 17.0905
12.5618 -13.5883 1.98762
3.78722 3.03777 14.2052
19.8836 12.3632 -0.154277
0.374395 1.50022 -8.48098
-11.6969 -19.3975 19.5019
-14.9915 -9.91783 0.0383328
-19.6189 15.7288 12.4124
-16.5285 14.6139 5.40336
12.7562 10.9365 18.8086
-14.8973 4.04751 14.5457
-3.81597 -18.5644 -2.5569
5.66491 -18.3574 18.9165
1.87043 -1.82026 14.8417
11.9346 2.03208 12.9708
-19.289 2.51528 -1.03469
6.38957 -15.4276 -18.6901
-5.27748 14.279 15.5421
-13.7823 2.54997 -6.77625
11.3018 15.6278 3.13258
16.4699 -5.22745 -18.6585
4.86026 12.2281 19.1439
16.724 -19.149 9.22461
-10.3374 -6.00522 18.7526
-1.87109 -3.69036 -7.86899
-3.32552 -18.5239 -13.2182
8.89114 -9.48943 10.6549
-16.3965 -13.8269 -11.4113
11.0315 4.13901 -7.55625
6.73381 13.8602 2.58312
11.8561 9.60653 17.296
-16.5914 -9.97943 11.6087
12.7968 7.49521 15.0296
11.6236 11.0077 -1.67649
8.82162 5.6555 18.6471
-15.909 9.82403 -4.8522
-6.75419 17.6812 -10.3968
1.40941 10.9594 12.8754
-4.47398 -10.2803 -16.4902
-19.6569 -1.66443 -19.5358
5.0422 7.21306 19.472
-18.86 -13.1727 -9.95399
-12.6625 19.123 16.8112
16.7547 13.133 3.68189
-13.526 -13.2041 -2.56641
-14.2671 6.00871 19.8264
14.1999 10.8908 16.0592
-1.36971 -2.40726 10.6319
-8.40264 0.217512 -18.0348
-4.8038 -9.92205 10.986
5.11016 18.215 -10.3391
-7.8781 17.1571 5.45264
-4.87381 -3.51688 -8.82856
-9.11844 18.3277 -14.7708
4.19033 -14.3173 13.5464
7.10604 8.95668 3.80271
10.9399 2.41841 7.81264
-15.3463 14.5507 -15.6779
-7.77 4.21013 17.8854
12.8109 16.6915 -0.267654
-14.7719 8.73925 -6.94732
5.19693 -8.13688 -0.181156
3.60813 15.1068 10.2804
14.7734 -17.0405 -13.7766
-19.8636 4.31206 -14.7771
13.2175 -5.58575 -12.0472
8.61775 -16.4051 -16.5845
-13.1831 13.0189 -8.56204
-18.7408 16.0253 -10.2004
-16.532 -18.1144 -3.11917
-6.93179 -16.011 -8.32534
-2.54281 18.5266 19.6062
-7.81171 -19.7696 5.49095
14.7041 -11.6527 -7.70545
-13.7785 6.62847 -9.26471
12.7918 -16.935 14.3761
12.7417 -6.7699 -17.0364
7.84583 14.301 -4.54618
7.33138 -17.424 -12.4294
11.8838 -8.942 15.2156
17.4889 4.31237 -8.75945
-7.78157 19.7275 -17.7987
11.114 13.4647 12.2414
1.65147 -7.91623 8.84546
8.86568 11.816 16.7862
7.66656 3.71155 -11.8244
-16.6271 16.2862 1.74705
-14.7608 -7.14622 -13.3486
10.0755 -7.27174 -7.07055
8.16743 -2.03262 13.3552
-7.32654 -16.7577 12.3854
17.143 13.2076 1.02128
-0.407058 5.59082 8.79329
13.6108 -19.3962 -18.7166
15.674 11.2419 -19.6051
-8.47122 -19.1844 -15.163
-0.177671 -6.75615 5.59869
14.2592 -16.9335 -11.7155
5.64184 11.3795 -2.67442
-18.238 11.9815 16.6857
-14.5997 -5.6412 -1.65547
-4.53785 7.65895 0.797127
2.97449 13.3923 15.4553
9.92059 19.1217 -9.21669
-14.7203 -18.348 8.40348
-17.0321 1.74845 -9.496
18.0317 10.6527 7.9987
-10.5801 -12.2011 8.10751
-4.65898 8.74568 -10.539
-10.6961 0.767652 -7.4315
2.81285 9.07624 -14.3015
-13.6644 0.424738 12.3555
-13.3234 19.8107 7.06973
-7.14432 -3.8376 -6.26434
12.7343 5.81453 7.13042
-14.5949 -7.81255 -7.77856
-0.0625107 -4.5125 -14.8256
7.21957 -13.1264 -9.49111
8.08985 -1.02173 18.8362
-14.7676 1.02521 -14.0215
-18.2216 19.4085 19.2886
13.9408 15.3635 12.7059
7.30259 14.7329 16.7337
-7.71496 5.35326 -1.81737
-16.1589 -11.0011 15.0911
14.4178 -11.2951 -10.4084
17.7259 15.6495 17.4699
-4.67819 2.84197 16.9092
-18.6624 -2.82287 11.33
17.8265 -17.9229 -1.82677
18.2769 13.8897 -15.5268
5.88465 -2.61285 -7.88683
-12.8897 -3.66154 0.727404
6.08239 9.94352 11.4753
-13.7642 -15.0692 6.36176
3.34553 -9.21429 -0.956992
-18.2049 -2.39798 -16.5975
-17.9965 -0.384169 17.189
10.3836 -16.35 -11.6525
-11.8719 18.1787 10.0164
-15.9988 3.17784 -2.62847
7.68286 19.3536 15.3419
-0.796376 18.3042 0.249832
1.48512 11.4839 -10.5401
-4.72468 12.6064 19.9371
-10.9284 10.6424 -12.8331
-1.07846 -15.2749 12.0343
13.1394 10.2519 -4.60297
2.54387 17.819 17.7743
-12.9971 11.6721 -4.36535
17.0544 -12.8679 -11.937
9.53827 17.4839 -11.8712
6.34485 13.7968 -8.65929
-14.6391 17.8239 1.55907
13.5046 -2.46981 -19.9689
7.51015 4.98175 10.2768
5.60306 -9.4576 -2.79889
9.7626 18.7701 17.8404
4.56982 -17.2112 6.35171
-19.6149 -5.19359 -17.8104
-14.744 -18.3988 -10.9056
12.8401 -19.6548 -7.12214
3.3627 -14.2912 11.4142
8.14726 -16.8755 7.76373
-12.5795 -2.29812 -16.5559
-2.49608 11.572 18.9206
1.23194 -13.6148 7.05933
-17.1888 1.94897 5.75207
-9.097 -4.30814 -8.9953
7.84985 -5.49079 4.95397
6.43194 -1.18967 11.0335
19.6572 1.29157 -19.1732
-9.94887 17.5881 12.663
18.6109 19.0336 6.60613
15.7988 -10.0488 14.8418
8.73691 1.41977 -6.95323
5.74779 8.94108 -16.7784
-2.97961 11.6745 -1.8268
4.76987 -14.5793 19.1441
15.6001 17.6062 -17.9882
15.5023 16.2693 3.76693
-11.6537 -19.801 4.14462
13.1582 14.1882 -11.0192
-19.3971 -7.73854 15.2401
3.08942 17.2348 -17.9303
-4.8572 -5.04723 2.6804
18.9663 -15.4952 7.20379
-4.7204 7.51361 -6.43242
1.35872 1.022 -11.7448
19.7951 15.2134 4.62647
9.59744 8.14618 -2.35065
-0.688456 -15.5762 -2.14451
14.0982 -7.89842 17.1992
1.04989 0.833581 17.6959
15.0093 14.4844 -8.84338
9.15475 11.3772 19.123
10.2818 13.6315 -4.49035
11.1646 -11.5503 -18.925
-7.27206 14.6747 -1.2758
-2.93192 2.44112 -6.30388
-19.5672 1.50261 -4.91329
-17.9434 -16.7477 14.22
14.0251 -14.5442 -11.8028
9.62167 -9.4842 -19.7687
13.839 2.17934 -16.9761
-10.8717 -19.7653 1.38928
11.3296 -3.45106 12.1983
-0.259294 18.0808 -14.7682
0.409902 -18.9006 -12.0092
-3.06743 -6.30159 -14.1335
19.5756 6.3796 -15.7666
0.870291 6.62591 4.87025
-5.02873 -0.515118 0.486578
-3.56281 -14.5188 -4.86381
7.9298 -14.3355 -14.756
-18.0069 19.1026 -12.2211
-15.96 -15.002 6.51088
6.20849 4.57456 7.24308
6.06862 -15.2662 6.7517
-17.0314 6.08067 4.82602
-4.81055 10.3557 11.0566
9.80392 19.1789 -7.13786
-7.49794 -7.28206 6.81112
-10.6457 -11.7313 1.31695
-11.3224 -6.87642 -18.6285
1.4526 19.069 -15.9946
-13.4837 -13.1336 8.89149
0.886245 -18.9771 3.06234
-10.3287 3.69821 2.45744
-11.2059 -11.5099 5.72203
9.20149 -2.78736 -16.5045
-19.7032 -14.126 -3.65026
-0.199099 -0.995979 -17.0533
6.94163 8.14976 -4.7626
10.4418 -19.7651 -7.91566
-2.56238 6.45865 -14.5127
-19.3887 18.2584 8.34931
-6.36713 12.7155 17.9124
7.40935 -5.82274 19.0153
0.501689 11.2365 -15.9869
-3.39422 -16.9873 -7.49306
8.73786 -5.89427 -12.3986
-14.2098 15.0017 -8.04428
-16.9912 -13.2584 -14.0441
19.4427 6.07912 15.3849
-8.08401 12.4569 -7.98473
-15.2145 19.1967 8.26066
19.8815 11.3381 5.83994
16.4553 8.51176 0.572516
-12.6758 14.776 16.4155
-5.85559 13.0622 9.16255
-4.81375 -5.20727 -17.3332
-12.5148 -1.83337 -3.23068
-6.133 19.7552 -10.229
11.9321 19.4186 7.97404
9.95398 -13.274 -16.0953
11.612 -16.4539 -19.4865
-15.4529 -0.397985 -8.01161
-12.9226 10.7404 2.37616
-2.70022 16.4177 8.22864
10.5778 -14.3309 -10.3498
-8.21404 5.23793 -8.54899
6.89402 10.3435 -0.77606
11.212 7.81739 6.17602
-12.3049 -2.99198 6.81181
14.9138 10.2839 -10.2503
8.87257 2.68826 -8.78766
-10.0585 -6.54933 -7.01496
-2.93725 -19.9546 -17.9445
4.9633 -12.0294 15.9841
0.734447 -14.887 3.75848
14.7186 11.1714 2.22199
12.5918 1.43118 -13.5174
10.3146 -2.08909 -19.971
16.9985 -16.5332 3.59402
9.80357 19.5171 11.2407
-15.8807 -8.10647 0.00448219
-3.80386 -15.616 13.0347
-11.9632 -15.2217 19.3082
-1.3969 11.5045 -13.7442
6.32374 0.510613 18.3642
-9.25362 -2.86223 -5.36735
7.43717 17.7333 -5.8097
-0.211392 -19.6104 1.42048
-2.28339 7.77828 -10.8732
-6.11544 -11.8299 18.0764
5.14777 15.1087 -7.22228
-2.5252 10.9299 4.41081
11.2592 16.482 -17.3656
-13.6645 1.51257 9.08752
-2.02951 19.8819 12.0662
11.6221 10.8626 -6.95016
15.6185 -1.20628 13.9531
19.8627 -0.612317 0.639515
17.9155 4.10671 13.5611
-10.1803 -13.3446 -12.5978
-12.3233 1.52777 -5.81064
3.58682 -10.8608 -5.88646
6.88271 16.3355 -4.29428
-1.20099 -11.8781 5.04534
6.12264 -0.363103 4.61957
6.4748 -7.10597 4.12385
-5.89906 10.8755 -8.44169
-3.41963 -5.90755 15.9368
12.0061 -13.2728 9.95677
7.36172 -9.52956 -12.966
-14.3594 -12.6524 -11.6695
5.04289 3.35897 -6.48355
-9.8677 -19.8799 8.14215
-1.61112 -10.4243 1.42311
12.5517 -9.41976 7.19022
-9.53687 -6.77466 -17.1669
14.8879 3.71041 16.872
-6.53555 -0.718106 -16.7151
-14.4153 -3.0327 18.5788
10.3115 -1.39307 19.7758
11.4489 -8.29219 -2.43983
-3.18108 -10.2026 19.4602
-15.7946 -9.39596 7.38282
0.177377 19.3193 5.50114
11.3361 -18.4138 -1.28456
-7.42501 0.500593 1.67895
8.41841 11.8051 -18.5792
6.36321 -17.9773 -4.94943
15.7667 -3.81982 12.3423
14.0878 6.3072 -14.7516
-8.33695 -19.7152 0.88456
5.34457 7.48978 11.5459
-17.3329 18.113 13.2207
-2.73674 14.5727 0.618389
-3.77588 -10.8459 -5.36428
-18.7733 17.0747 19.7947
15.6315 -7.85294 11.5966
-14.6579 2.97454 -10.6806
0.592012 -0.891006 -9.93652
-18.8123 -15.5241 18.765
8.82656 -17.0161 0.674253
18.2628 1.29692 -0.594892
19.0893 -8.67814 8.83549
-3.76677 17.5697 -7.88729
16.5037 -12.7318 -4.24187
-11.0315 -2.65304 -1.9193
-9.20022 -13.2221 -3.64615
-3.86693 6.06659 2.78195
-6.34098 9.08161 6.92325
11.6984 -16.3526 -2.23487
4.21229 -14.5256 -10.9723
-17.3018 12.6396 -14.2605
-9.82925 -17.5255 -11.5786
-3.29673 -19.9646 0.420601
0.304478 -13.1274 -7.1624
-3.9878 2.67964 1.84915
10.1934 -4.82656 -6.38564
4.05401 8.93837 -7.03107
-7.31636 -18.9505 -16.8723
14.6494 6.52899 8.935
13.6644 -16.254 9.87875
-9.06192 -3.72568 -18.1793
15.1027 -7.17113 2.77403
1.14895 -9.00602 11.5361
-9.69039 0.00205591 3.32532
14.9123 -16.8457 -17.1275
7.2328 -12.0161 9.12745
-10.2785 6.57325 3.95553
12.3869 -7.51786 10.1701
10.1771 15.6616 -2.68121
-16.0138 -3.89846 14.0488
10.867 13.1988 19.7581
-4.89202 16.7997 4.05515
-8.40967 -10.5005 0.747319
-1.65766 -0.0653797 15.789
10.9044 -6.85719 11.7274
9.83812 1.31874 -2.47706
-19.9765 -15.978 -9.96789
17.5659 18.3975 18.7879
12.1198 3.26466 4.33148
8.9752 13.2613 10.2973
10.0152 9.82313 -0.0492893
-5.67807 -4.85893 17.6383
-18.4732 -0.94154 -7.72245
-17.9686 -1.30947 2.28586
-17.7434 14.0306 -1.41245
-14.3279 9.73241 -3.13298
11.3118 5.97877 13.1174
5.79237 -10.489 9.25173
15.1131 17.5103 -12.071
-1.85968 15.9238 18.4919
-14.3344 -15.5306 19.6799
0.55251 17.0285 -12.4129
-17.8338 7.83029 -7.52786
-7.54627 2.51478 -16.7481
-11.8092 6.46843 -8.50908
7.46271 -6.85545 -3.73082
7.17427 19.5679 7.55947
-5.12366 -9.02908 4.2573
13.8265 -19.7785 5.08046
18.3952 -14.967 18.7258
-10.1041 -6.28638 11.5156
6.21428 -4.0389 1.0734
2.73222 17.0967 -0.963193
10.2113 -1.37511 -0.723872
17.3721 -9.94357 7.68213
-18.6376 -19.481 -5.56221
4.04519 -3.55072 -0.830383
-0.368934 -16.4325 3.07226
-3.74396 -8.41705 -0.891385
16.3858 -13.501 -8.82641
3.33968 -12.4964 -13.7444
12.6941 16.684 -5.98173
-12.2944 10.0464 -7.59817
6.62614 11.451 -10.9264
-9.75308 19.4232 6.33681
-16.3709 5.36337 -0.132129
14.3711 3.08453 -14.3294
1.40858 -9.5319 -1.77369
14.1604 9.44085 -6.41901
1.58352 15.7959 10.6163
-5.65273 -5.31273 4.97474
4.10837 14.9019 4.25369
6.36728 2.35406 -2.35538
8.75206 -3.71762 15.4114
-16.3866 -19.4949 -14.0029
-4.63436 5.64116 -8.99597
17.3051 -2.60449 -2.23159
13.4286 4.72744 15.2062
-10.441 18.2082 2.8524
-0.260198 -1.56095 15.0242
4.79577 -4.47998 -15.0881
16.664 -10.6246 -17.2346
-16.1876 -0.799504 7.99116
-17.2995 -10.1518 -1.20257
14.4171 -11.4397 0.0823005
-10.6126 1.20436 -18.262
9.95585 19.0984 -17.1859
-8.96264 -9.43374 9.48085
-1.11188 9.93114 -3.32121
-0.662459 3.4848 -15.1957
14.6091 9.53546 10.0582
6.05345 -19.7237 15.849
3.64915 6.00159 -4.40854
17.8267 -16.8381 -16.6721
1.04299 0.0994572 7.38539
-7.07445 -18.6996 -19.1281
-15.5878 16.5944 -11.3299
9.01018 -16.2734 13.7427
2.81262 5.18867 11.9189
13.3845 8.62666 7.1972
0.0440992 7.23517 -18.2359
-18.2231 -7.47774 17.0894
-15.9555 17.2703 -13.2749
3.5955 -9.96499 -9.39795
0.447389 5.9956 -2.45861
-10.8094 -9.5001 2.00262
-11.6705 -9.11323 -11.2523
13.9786 -16.7816 -3.02794
-13.6856 -4.99177 -13.9071
18.6558 11.1612 16.3467
-6.77827 -7.13168 -19.012
12.0579 10.5819 3.39741
15.429 -16.8157 16.3481
4.00491 11.4873 -19.7362
-4.4152 0.850986 8.84617
15.2859 -4.14553 -3.12871
-16.1934 -5.26748 19.4889
6.57318 8.70779 16.6839
-2.97474 -0.427323 -19.4313
18.0488 -0.833364 11.8587
17.5047 19.2615 -11.9904
-3.32798 -2.51314 -3.50202
-18.823 11.1239 -10.1125
4.1227 -18.5639 -19.6601
17.083 -12.3255 -15.7696
3.7065 12.6784 -1.73866
-5.99747 -16.6266 -19.6956
-19.895 -11.1824 18.9793
-19.1163 -0.323572 -14.6441
9.0467 -0.969334 6.09257
-0.452037 4.18998 4.66955
6.56404 17.5386 14.1486
-11.1267 -13.3761 14.8754
-5.76852 9.42714 3.47124
-0.276979 3.50946 -11.6104
-12.1605 17.3352 -18.8218
19.462 14.5087 13.8029
-4.51954 -13.6935 3.88406
8.2288 -11.5271 -17.0179
-13.7581 -16.7677 -3.81693
-13.596 -7.53912 10.1496
-9.45317 -1.1214 7.95816
-19.9874 -17.5706 7.88624
-14.7972 -19.6549 19.7746
18.9796 -15.0957 9.71341
14.7181 19.7238 -2.91784
2.64866 -12.9821 -11.2289
6.74291 -4.41986 13.9793
-18.1585 -9.95904 -12.2534
19.486 17.2752 0.500728
-0.993805 16.9216 -19.1001
16.3554 17.6246 14.3684
7.37399 -12.9148 5.43781
-15.8395 -1.58439 -18.3684
-13.879 13.5277 -19.5968
19.2063 -7.65929 -18.0473
8.69605 14.0826 3.49038
-2.13626 -14.5153 15.9156
-12.5143 -4.04715 13.8588
16.6184 12.5618 11.7634
-8.58827 8.34738 -9.54161
12.4579 -17.5036 -4.48049
14.5624 -16.4769 2.51294
5.10817 -16.6237 -6.77207
-2.05815 -15.4279 10.1296
7.87995 -1.68954 -8.02972
-4.87822 -5.38419 -13.4018
-6.22671 -11.8573 -2.06478
-11.0574 11.2109 4.18622
8.44484 -19.2191 -14.7988
-3.20953 -18.7914 -5.16959
2.2459 -11.2233 9.27507
-0.0702325 -9.3873 18.0296
-13.2535 16.595 -6.87257
-13.1312 -13.8946 -13.1981
1.95008 7.22094 15.9288
8.57397 2.68777 0.341829
2.22663 -16.6885 5.86438
7.52472 1.82395 -14.6343
-1.81768 -7.03978 12.3055
-19.8938 0.0923917 1.5657
-4.51913 5.25437 -0.871689
-2.58113 -3.54095 2.67652
-1.43353 1.01365 7.01628
9.6009 -1.39266 10.8033
-5.23868 11.8383 -5.63791
12.5264 -9.71728 16.9918
-5.9931 5.09056 16.0764
-4.91308 -14.5518 -16.6203
3.50721 -8.86534 -5.44078
3.29839 0.457909 -13.445
11.7742 19.8963 12.204
-1.89447 -6.47384 -18.9949
13.2103 19.7792 -9.73113
18.159 -3.71439 -8.11767
-11.6284 -18.7867 9.11538
-14.3114 -4.97677 5.8889
-18.291 2.27105 14.0764
11.9184 -13.9015 -15.0228
0.606123 18.6423 16.3148
18.4116 -4.09215 -18.8509
-17.4791 -14.0563 -6.41294
15.8834 18.9342 3.51411
-9.76424 -8.54866 -15.6331
-10.8921 12.5583 18.9506
-4.09362 12.0539 5.71508
18.5453 9.02904 -1.39083
-13.8162 8.43473 12.4319
-14.894 2.8358 11.6732
17.9384 -17.099 -4.59609
16.3874 10.5078 -15.7581
15.4914 -10.4366 -2.21023
-4.91738 -17.6316 7.25256
-15.759 -12.3732 2.52857
-6.44068 -2.16258 12.4987
5.35254 -16.3495 12.9457
18.6531 3.22378 9.44012
3.055 -1.06077 8.74118
6.65035 -1.52789 -13.5341
-10.1271 15.2632 10.322
15.3205 4.44565 2.26261
-13.1914 -0.502435 -11.182
8.77464 -5.33745 -15.9832
5.22922 -7.40217 -18.0885
-14.8102 -14.7364 8.64041
-3.90284 -16.9657 -10.8407
-19.381 -7.70649 10.0554
-0.819893 17.0967 -10.1687
-9.17003 14.7052 -19.9829
1.09993 -18.3457 8.05791
-4.75912 14.0108 5.42435
17.0027 -1.44022 4.9856
-8.13052 9.3127 19.7352
8.8333 -15.4293 -3.17268
-16.3461 16.6501 -17.8431
-14.4969 18.3882 4.12009
7.58313 -9.72287 16.1406
13.0912 -12.007 14.7917
-6.2423 -16.9874 16.5792
9.77483 -7.14288 9.6333
19.7908 5.3412 9.33006
-6.56034 -2.49676 -19.6464
-6.2326 -11.5394 12.2976
12.6842 10.369 8.33176
5.99375 8.02041 -1.8788
8.25788 -17.339 -1.78736
13.9409 0.605875 -6.27221
-6.67277 -3.81116 6.65559
5.57302 19.0971 19.1409
-6.67504 -15.5092 4.95582
-18.7413 15.3707 -5.57943
3.18519 -3.08855 -8.04707
-10.0466 -18.8789 14.5655
-17.711 15.6364 -16.3042
-11.7619 12.5519 6.12006
12.5254 13.8784 -3.21741
-6.24685 -11.8213 -6.7278
-0.322941 6.95826 11.4652
10.8198 -5.35104 16.9277
-4.17123 15.0838 -14.4608
1.99204 8.95693 10.9378
-0.461102 10.8732 -18.4054
-1.59786 10.6875 8.38435
18.9545 -9.73074 -19.8259
-16.0882 19.8148 -5.00772
-11.1022 2.07008 -2.72712
3.38824 0.929957 8.48511
-0.646415 12.6718 -16.8092
-3.8449 -0.747165 5.95858
-5.63369 13.139 1.87098
3.81424 7.45922 -17.8526
-11.5163 -17.1816 -5.36958
16.394 -7.02166 13.8081
10.3154 0.471454 11.1307
-5.7556 -18.618 12.0344
17.6179 15.3437 -7.65725
10.5459 9.34668 11.4996
-3.42405 -2.60088 18.3465
11.7387 13.617 16.2645
18.0884 17.1187 -1.54626
-9.6471 8.76126 2.42298
-19.7965 15.5951 17.456
-17.7003 -11.2375 -5.91477
-18.3666 -6.02711 1.1549
9.41434 10.0343 -5.30387
-2.48137 3.92185 4.61878
3.49993 -19.3571 -7.08034
-8.59668 4.46372 -13.5693
-2.63057 9.25836 11.2304
-7.95046 2.65752 -8.69422
17.0121 15.7117 6.21344
14.2646 19.2642 -18.468
6.74546 -4.55748 8.33719
16.5342 0.0809507 15.8301
-2.90602 4.39778 -15.2601
3.28678 7.65112 -1.93459
-19.2998 -0.759719 -11.5619
5.69627 -7.83171 -13.2307
17.5498 7.58277 -17.0788
-2.18786 18.7683 16.5607
19.5591 9.89233 -5.34508
-14.0253 -13.7842 -19.3814
-12.1272 14.4702 7.89097
2.49711 -5.77139 -6.54125
10.4634 -5.26884 19.279
7.0374 -5.2575 -0.589473
-3.8492 17.9257 -0.0483216
-0.955046 -10.3224 10.2407
-19.3424 -10.7324 -8.11302
10.0115 -19.8647 -5.61156
6.86272 -10.5432 3.55825
10.4835 8.69633 8.32195
4.45606 4.00681 9.4903
12.9893 7.17017 0.645495
16.1053 4.93594 -17.0807
8.91134 -14.4155 2.88663
4.51069 -19.8631 8.48643
8.01125 1.09414 13.0211
10.2166 -9.64376 -13.6313
-6.66955 14.5892 13.8846
13.977 2.77474 6.72105
-1.14551 -7.36237 15.4348
0.340275 14.68 -16.5688
9.10862 -18.13 17.1231
-8.29291 18.0007 -6.72065
-16.8277 -19.5436 16.47
0.125779 5.40905 14.8615
-19.3689 7.54501 2.11282
-2.32668 9.08102 -5.2466
-16.1936 -3.59122 -17.6149
19.2137 10.9176 -2.47213
-1.458 5.5162 -4.17018
19.4105 2.82756 -8.45466
16.6943 -5.5733 -3.31369
-13.8377 6.42824 -14.8227
-10.9074 -17.0347 19.3723
-19.4563 12.0004 3.13241
17.904 16.167 -9.64711
3.44088 17.3469 1.15837
-6.57878 -8.74411 15.9076
-18.3976 -19.0476 -9.30956
0.294911 10.4282 1.25833
16.6866 -18.9618 -9.97475
-12.5025 -18.8484 2.52038
-12.2843 11.4976 -15.295
-5.64951 -13.7743 -19.9211
2.9262 4.62315 -17.7601
-3.05074 4.15474 18.8942
-6.78972 -7.78276 -12.2273
12.9451 -2.82953 3.20749
-8.65459 -19.4618 13.1889
16.4912 0.81211 -4.66606
-15.8684 3.39 2.93083
-7.57016 15.6636 16.6725
11.633 -3.52956 17.8459
-9.47227 15.4769 3.29815
-6.5634 -8.04991 10.619
7.79133 14.3519 7.97573
-7.59092 -10.7471 10.6023
16.293 -14.5436 3.83425
-18.8869 -11.1336 16.1552
14.48 -12.9282 19.7347
-16.1388 9.68686 3.01548
-17.6065 -5.53913 -3.22277
-11.6634 11.5265 -19.1195
1.26631 -17.84 -10.2241
-18.4717 -2.51059 15.8403
6.945 -4.31164 -16.8943
-15.2565 1.9338 -4.53628
4.15665 -9.57456 7.9993
3.08813 -2.91912 -15.6593
5.51077 16.5915 -11.9724
7.4639 1.86802 9.29249
-6.00631 -19.1363 -2.52224
-17.2449 11.232 -7.30154
16.7617 10.0882 5.29206
-7.99279 -4.2397 15.9559
3.24546 -0.0503483 -7.91883
-11.7519 9.36739 -10.6751
-5.34677 -17.9087 -13.7799
17.2519 -13.7693 9.10286
11.4802 -4.47233 10.3839
-4.96015 -14.0983 -10.6588
11.3769 2.18064 -19.7669
-16.6316 12.6139 -9.45573
8.55857 -7.18729 -17.1509
-5.38562 0.666548 -12.6997
14.568 2.65308 3.50753
-0.489608 14.2332 4.59388
-10.4045 10.0921 -15.7856
8.36889 6.62201 -13.7352
19.8622 -4.34234 13.8879
-19.0381 1.5565 -17.8785
-0.640778 13.3674 12.4747
5.46746 9.51049 4.94762
-2.14906 17.977 -5.30993
-4.31455 6.10715 19.2235
1.9693 3.7508 5.93999
-17.8647 -15.337 0.254394
-1.31246 8.45566 3.60665
-13.0264 -18.2974 12.061
3.4187 9.76589 -16.9612
-9.13101 -7.58564 7.9542
9.66921 12.7916 -1.45718
-18.8517 2.2883 4.35854
6.16114 14.4059 14.0544
-2.04735 -12.9462 10.3186
-5.65059 -9.07498 -9.2335
19.564 -8.25756 0.738593
-2.37954 -8.52684 -14.5075
2.70794 14.3781 12.2583
2.06657 -16.0807 -1.87274
12.4311 -3.00788 -14.0151
-12.2839 -6.71406 -9.37361
11.9068 3.23489 19.1154
3.61812 -4.45274 16.4902
-8.02886 -12.763 12.0496
-0.592641 10.1519 -8.43099
2.78161 16.0279 16.0975
14.5198 -4.51447 -19.3254
11.0519 -13.7036 -6.53314
-5.90341 0.96441 5.13261
12.9449 -10.1266 5.15336
-2.33583 -8.55381 -17.8146
-0.428678 -19.4752 -8.56701
-9.41215 16.2067 -15.9231
2.49916 12.1446 -14.8269
-0.80158 19.5509 -8.48259
8.76177 -8.80784 -1.79279
-13.7325 -1.20762 9.9659
10.1987 5.86577 -14.7717
-9.42939 -10.6649 6.23239
11.7941 -3.5924 4.71433
-15.0326 17.9677 -3.34241
6.3586 -12.8661 1.69222
10.8771 6.59716 17.8462
6.77826 12.3872 17.8132
18.3881 8.87893 12.7308
11.9656 0.55691 -7.82415
19.5585 2.02608 -3.92543
-14.0478 5.16099 7.4256
5.95055 16.2658 -16.8516
-15.9487 5.37701 -13.8993
-2.30324 12.6131 6.62289
3.27772 19.5699 15.9414
-15.0787 0.0503174 -2.68183
6.40147 1.13621 -10.7532
3.66753 15.8655 -4.84894
-11.4606 13.7798 14.0378
-14.4743 -10.0841 -17.7609
-17.6106 10.6588 19.0694
-13.6167 3.67074 -17.1961
17.5065 -0.861291 -13.1618
-1.29355 -1.05801 -7.28247
-11.4576 -9.28666 7.00543
9.82172 7.36614 15.7233
-1.11558 -10.0645 -18.5422
-7.43936 0.703447 -6.74655
-14.74 -7.45025 -5.7437
-19.1764 -4.59115 -7.75624
9.01794 -10.4115 -5.59621
15.5013 3.86507 -9.65916
-9.1956 19.6993 -7.85504
7.7654 11.6492 12.7326
-11.2958 -10.4404 -14.1876
-7.22249 -14.7655 -10.075
-19.8922 -14.6311 10.4964
-19.2809 16.6843 10.0423
-14.6991 14.2033 -0.633918
4.42366 -10.9516 5.5661
1.89831 -5.97959 -11.073
-10.6016 0.738275 11.0122
-9.48968 12.1483 1.25919
11.0682 -13.2558 -0.0631382
14.0078 -5.49885 12.6154
-7.99993 -3.99762 -0.439624
-16.2349 -11.5925 8.38842
1.07043 -2.67336 -13.8997
-8.22974 8.75912 -18.5704
-4.71483 -14.7333 9.63432
-18.1119 -12.8104 17.8924
2.71228 0.490494 11.0957
4.01742 14.5002 13.8796
-16.0286 10.8491 8.37342
-5.79247 -14.8184 14.9841
-7.21238 -13.5089 -17.7369
5.43884 -17.8494 -10.1029
13.7964 3.22681 -0.338435
-17.5096 -6.5226 4.08043
18.809 -11.2978 16.7821
14.0742 -2.08287 -5.94935
-16.5116 9.39685 0.122133
15.37 15.3401 -1.11252
-14.1568 5.31977 16.8158
11.4086 17.2263 -13
-7.60009 6.56253 10.9553
4.47767 -12.0301 7.4691
-9.64187 -19.2823 -16.7895
16.4329 1.06198 13.159
-7.21392 -12.0631 -4.36452
-7.97871 -0.165686 13.5108
-9.08145 -15.1939 -6.52456
-17.692 -8.09108 6.04228
19.6661 18.1377 4.06433
0.94893 -3.65387 -6.42384
-13.0302 -13.4126 -6.33532
-17.579 -14.6806 -19.6316
-19.4619 5.32327 -19.1185
-14.0999 5.2218 -6.09965
18.3395 -7.54221 -4.32622
16.154 13.796 -10.5162
-0.0465815 -10.4744 -16.0065
-12.8114 -10.5216 -4.74846
6.45526 18.6601 11.799
-11.2092 -13.4195 -2.02485
-15.1623 10.2991 -14.7624
-19.0551 19.3605 -14.9435
-2.60791 -13.959 -10.2293
-19.3972 -17.7087 -12.7367
-13.831 13.5217 3.12428
-8.55183 11.2126 5.55042
-9.97478 -5.73028 -3.35603
17.7107 12.8932 -19.7087
-13.6761 -17.9247 0.491193
16.1915 1.63387 -14.733
2.124 -13.4458 -3.11917
-11.9423 15.728 12.1256
-7.15298 15.8733 -5.40067
-3.95128 14.3695 9.7003
-2.82555 5.46692 -7.87234
-19.0663 -3.66561 -19.693
-19.5693 -5.14064 10.3415
18.2477 0.637338 1.87647
-5.80836 14.6706 -2.67257
-14.7118 -7.73604 8.37899
-13.1026 -18.9925 -9.70538
-8.46265 -8.15822 11.9346
10.1406 -13.6025 11.5895
12.1998 -9.23426 -8.08475
3.62989 -19.3132 -0.114506
19.2288 15.5627 -14.7669
-17.5658 -8.99776 -4.71368
-4.38724 4.86409 -12.5366
-19.3572 8.4924 4.93708
-13.7125 -8.97421 2.1204
-11.617 -13.3127 -14.5142
19.1528 -1.83458 13.8743
9.20447 -18.1495 3.50342
-7.70805 -0.176046 7.2269
5.04067 -2.42855 -14.5227
-2.06733 -17.5198 -1.0744
19.7669 -13.4912 3.07588
-17.7703 9.58059 5.87602
-3.58924 -2.23846 -6.10893
-18.7161 10.8786 8.58532
8.55472 11.6478 1.51585
0.178326 15.6791 7.17365
19.7382 12.2726 18.2951
5.25074 -15.6536 4.13414
-8.11501 5.72112 5.9484
15.1432 -1.17656 -9.34662
16.8982 9.32593 -18.0888
12.9466 16.1716 -15.7548
-9.6266 -9.41313 14.3227
2.64662 -5.20266 -14.3799
-6.29714 19.4926 9.32746
-11.8914 -3.43507 -18.1421
-17.6869 -13.0368 2.79231
9.41484 15.2969 -18.2473
-0.647512 -6.87067 3.34647
15.7118 18.2344 9.98951
-19.9938 17.3619 4.10505
10.5499 -4.62224 -17.2246
1.57223 -10.1804 -19.5662
14.7687 11.7968 7.35637
-15.2161 5.00014 -16.9849
9.79415 16.9994 -1.02414
-10.1446 6.84223 15.3493
-8.59695 8.02472 -4.53622
-19.5995 -5.97795 5.99647
11.3366 -2.62161 8.5035
-0.126464 10.9376 5.60771
-10.1511 18.8284 -10.8063
10.8563 4.10433 14.1732
-12.868 7.76879 0.267127
-11.992 -9.65303 -18.318
13.6901 -5.49293 14.9083
18.8495 -6.84277 -14.6568
-11.0829 -0.141939 6.04371
-17.7058 -17.3675 -0.373295
-15.3934 -2.79852 -9.48264
-2.85602 13.6081 -15.173
12.6476 17.1982 12.3562
-12.579 -5.21756 -2.31525
10.0311 -15.4501 -6.51465
7.32075 -3.13621 -1.38125
-14.9611 7.233 -4.70864
5.99278 -15.1384 10.0974
-7.91971 11.061 -10.7393
14.3647 16.4761 -3.03254
18.4867 8.07771 -3.39845
5.62018 -5.52998 17.4719
-1.29251 -13.8142 13.7702
2.71214 18.8689 -14.3413
-15.1136 -9.10474 -3.50819
-16.2342 -4.36659 5.03431
-15.0678 12.6975 10.8159
-18.1481 14.0241 15.6819
5.02107 4.07546 -18.3205
17.8223 12.4543 -6.99327
11.3032 -5.97978 3.25781
9.85519 -4.85992 -11.0145
14.9488 18.6461 -7.30642
