0 0 0
2 0 0
4 0 0
6 0 0
8 0 0
-1 1.73205 0
1 1.73205 0
3 1.73205 0
5 1.73205 0
7 1.73205 0
0 3.4641 0
2 3.4641 0
4 3.4641 0
6 3.4641 0
8 3.4641 0
-1 5.19615 0
1 5.19615 0
3 5.19615 0
5 5.19615 0
7 5.19615 0
0 6.9282 0
2 6.9282 0
4 6.9282 0
6 6.9282 0
8 6.9282 0
1 0.57735 1.63299
3 0.57735 1.63299
5 0.57735 1.63299
7 0.57735 1.63299
9 0.57735 1.63299
0 2.3094 1.63299
2 2.3094 1.63299
4 2.3094 1.63299
6 2.3094 1.63299
8 2.3094 1.63299
1 4.04145 1.63299
3 4.04145 1.63299
5 4.04145 1.63299
7 4.04145 1.63299
9 4.04145 1.63299
0 5.7735 1.63299
2 5.7735 1.63299
4 5.7735 1.63299
6 5.7735 1.63299
8 5.7735 1.63299
1 7.50555 1.63299
3 7.50555 1.63299
5 7.50555 1.63299
7 7.50555 1.63299
9 7.50555 1.63299
0 0 3.26599
2 0 3.26599
4 0 3.26599
6 0 3.26599
8 0 3.26599
-1 1.73205 3.26599
1 1.73205 3.26599
3 1.73205 3.26599
5 1.73205 3.26599
7 1.73205 3.26599
0 3.4641 3.26599
2 3.4641 3.26599
4 3.4641 3.26599
6 3.4641 3.26599
8 3.4641 3.26599
-1 5.19615 3.26599
1 5.19615 3.26599
3 5.19615 3.26599
5 5.19615 3.26599
7 5.19615 3.26599
0 6.9282 3.26599
2 6.9282 3.26599
4 6.9282 3.26599
6 6.9282 3.26599
8 6.9282 3.26599
1 0.57735 4.89898
3 0.57735 4.89898
5 0.57735 4.89898
7 0.57735 4.89898
9 0.57735 4.89898
0 2.3094 4.89898
2 2.3094 4.89898
4 2.3094 4.89898
6 2.3094 4.89898
8 2.3094 4.89898
1 4.04145 4.89898
3 4.04145 4.89898
5 4.04145 4.89898
7 4.04145 4.89898
9 4.04145 4.89898
0 5.7735 4.89898
2 5.7735 4.89898
4 5.7735 4.89898
6 5.7735 4.89898
8 5.7735 4.89898
1 7.50555 4.89898
3 7.50555 4.89898
5 7.50555 4.89898
7 7.50555 4.89898
9 7.50555 4.89898
0 0 6.53197
2 0 6.53197
4 0 6.53197
6 0 6.53197
8 0 6.53197
-1 1.73205 6.53197
1 1.73205 6.53197
3 1.73205 6.53197
5 1.73205 6.53197
7 1.73205 6.53197
0 3.4641 6.53197
2 3.4641 6.53197
4 3.4641 6.53197
6 3.4641 6.53197
8 3.4641 6.53197
-1 5.19615 6.53197
1 5.19615 6.53197
3 5.19615 6.53197
5 5.19615 6.53197
7 5.19615 6.53197
0 6.9282 6.53197
2 6.9282 6.53197
4 6.9282 6.53197
6 6.9282 6.53197
8 6.9282 6.53197
