1.70562e-07 1.66525e-07 1.79456e-07
8.77213e-08 1.34505e-07 2.57749e-07
5.49334e-08 6.22058e-08 5.30342e-08
5.84439e-08 2.43762e-07 6.56878e-08
1.07171e-07 1.77937e-07 1.17762e-07
1.35293e-07 1.31805e-07 9.03371e-08
1.20122e-07 1.42231e-07 1.98662e-07
1.03174e-07 2.14984e-07 3.20585e-07
1.18675e-07 2.31116e-07 4.94908e-08
2.89738e-07 1.0713e-07 8.30698e-08
1.78677e-07 2.02843e-07 1.80311e-07
1.19208e-07 1.81869e-07 2.49048e-07
1.59438e-07 2.21979e-07 0
2.88384e-07 1.39038e-07 2.13479e-07
2.73249e-07 2.22745e-08 1.07869e-07
2.48384e-07 4.53919e-08 2.29279e-07
1.59312e-07 4.40848e-08 1.88208e-07
2.95083e-07 1.33424e-07 2.95149e-07
1.04116e-07 1.21069e-07 2.53414e-07
7.32492e-08 2.82933e-07 3.07349e-07
1.13404e-07 1.17532e-07 1.74321e-07
8.67715e-08 2.47725e-07 2.93095e-07
1.5148e-07 1.35165e-07 1.7082e-07
1.66748e-07 1.86501e-07 1.8774e-07
1.6758e-07 4.91903e-08 1.36137e-07
3.19673e-07 2.80342e-07 2.54914e-07
2.70605e-07 1.1187e-07 9.27597e-08
2.13323e-07 2.22114e-07 2.33815e-07
1.37756e-07 1.1224e-07 1.54553e-07
3.90608e-08 1.07906e-07 2.59737e-07
2.24463e-07 1.77834e-07 1.46025e-07
2.52203e-07 3.02393e-07 2.19338e-07
1.59525e-07 1.35853e-07 3.0658e-07
9.23282e-08 2.29777e-07 3.03561e-07
2.70385e-07 1.1875e-07 1.68359e-07
1.59645e-07 1.38128e-07 2.61352e-07
1.71361e-07 2.70016e-07 1.24165e-07
2.45162e-07 2.5261e-07 2.81549e-07
9.24951e-09 2.70779e-08 2.84953e-07
1.13991e-07 1.07739e-08 2.61858e-07
1.55074e-07 2.27922e-07 2.96308e-07
2.62423e-07 6.71582e-08 1.9399e-07
1.98905e-07 1.89259e-07 2.85762e-07
3.09801e-07 2.53101e-07 1.78375e-07
1.7354e-07 1.78457e-07 1.12006e-07
7.83179e-08 1.35524e-08 3.33251e-07
4.69623e-08 8.47559e-08 1.79772e-07
8.59285e-09 2.96379e-07 2.8193e-07
3.7803e-08 2.83906e-07 2.22856e-07
2.73171e-07 2.54497e-07 3.30749e-07
5.75204e-08 1.97238e-07 2.8983e-07
1.40522e-07 2.03789e-08 1.59327e-07
2.14262e-07 2.49144e-08 3.2538e-07
1.83705e-07 1.53735e-07 2.83745e-07
2.61698e-07 1.82043e-07 2.78504e-07
2.75716e-08 1.85171e-07 1.71785e-07
2.1801e-07 5.19634e-08 4.06667e-08
1.33656e-07 2.66381e-07 2.88145e-07
7.29364e-08 1.84588e-07 1.31457e-07
2.58958e-07 2.88756e-07 2.03957e-07
3.18555e-07 1.19553e-07 1.17969e-08
2.09579e-07 2.64689e-07 3.33137e-07
2.97761e-07 2.08824e-08 2.49616e-07
1.05814e-07 1.28912e-07 2.96912e-07
1.55793e-07 1.37396e-07 1.17344e-07
1.43366e-07 1.50377e-08 7.13581e-08
2.31023e-07 1.01996e-07 2.5191e-07
4.34332e-08 5.93196e-08 9.09788e-08
2.55929e-07 1.98555e-07 1.20982e-07
2.19567e-07 2.67392e-07 1.98254e-07
2.63981e-07 2.42219e-07 3.15737e-07
4.13533e-08 8.88086e-08 2.69861e-07
2.7807e-07 2.29494e-07 3.05721e-07
2.6315e-07 2.54207e-07 1.66102e-07
2.24452e-07 2.01074e-07 2.93367e-07
4.51022e-08 2.43999e-07 1.41191e-07
1.17909e-07 3.04363e-07 9.84053e-08
1.80489e-07 2.43713e-07 2.70137e-07
1.3358e-07 8.15472e-08 4.31453e-08
4.36503e-09 1.52453e-07 1.42816e-08
2.099e-07 2.22799e-07 3.31368e-07
4.002e-08 7.53484e-08 1.10558e-07
8.20022e-08 3.0027e-07 2.97032e-07
2.79456e-07 2.51881e-07 2.03385e-07
6.6956e-08 6.53847e-08 1.59797e-07
6.25038e-08 2.12035e-07 3.29619e-07
2.80342e-07 2.50723e-07 3.0361e-07
1.62834e-07 1.52943e-07 2.39443e-07
1.17434e-07 1.67901e-07 6.54237e-08
1.28394e-07 7.94288e-08 2.75891e-07
2.04236e-07 2.86555e-07 1.11325e-07
1.13824e-07 2.90091e-07 2.18726e-07
1.32421e-07 1.39003e-07 1.10366e-07
9.89703e-08 3.10422e-07 6.34853e-08
2.00678e-07 6.36262e-08 2.76814e-07
2.26055e-07 2.3647e-07 2.09152e-07
2.35096e-07 1.80791e-07 2.25542e-07
5.09196e-08 2.79965e-07 5.72284e-08
1.12962e-07 1.97736e-07 3.12043e-07
2.61284e-07 2.84729e-07 1.7756e-07
5.67624e-08 2.33851e-07 1.25935e-07
2.07989e-07 1.07925e-07 1.78151e-07
1.88117e-07 2.40026e-07 2.29474e-07
2.89674e-07 2.91351e-08 6.8381e-08
2.45504e-08 1.98222e-07 7.08334e-08
2.59101e-07 1.29108e-07 9.87562e-08
2.41102e-07 3.22425e-08 4.37044e-08
5.4031e-08 2.81605e-07 1.03772e-07
2.60735e-08 2.90078e-07 1.00812e-07
5.21754e-08 3.68068e-08 1.57119e-07
1.10748e-07 2.8366e-08 1.07616e-07
1.49602e-07 3.19242e-07 3.41072e-07
1.22029e-07 4.36993e-08 2.1357e-07
2.64747e-07 9.18856e-08 1.30099e-07
7.84465e-08 2.1084e-07 1.17517e-07
2.6606e-07 4.00967e-08 2.86781e-07
2.52226e-07 1.23136e-07 7.02668e-08
2.3033e-07 2.75467e-07 1.44824e-07
2.27903e-07 3.0247e-08 8.22412e-08
2.5046e-07 1.06406e-07 2.81754e-07
3.0342e-07 1.99285e-07 1.12913e-07
1.12733e-07 3.13132e-07 4.71832e-08
2.55448e-07 2.69365e-07 2.72952e-07
1.81602e-07 1.13607e-07 2.38586e-07
2.34223e-07 2.51372e-07 2.99991e-07
2.28606e-07 1.94626e-07 8.99329e-08
3.95093e-08 2.94891e-07 1.93226e-07
7.21985e-08 1.18904e-07 9.05022e-08
2.28906e-07 1.24417e-07 1.38512e-07
2.45201e-07 1.4795e-07 3.01503e-07
1.17485e-07 4.51246e-08 2.69181e-07
2.90952e-07 2.59277e-07 1.86628e-07
1.67848e-07 2.03802e-07 2.38085e-07
2.75009e-07 1.76812e-08 3.58267e-08
2.88125e-07 2.50845e-07 3.24078e-08
1.03168e-07 1.39002e-08 5.88232e-08
1.69236e-07 1.16108e-07 2.21236e-07
2.8204e-07 3.41399e-08 8.78643e-08
2.1803e-07 2.62267e-07 1.56954e-07
6.30822e-08 2.37134e-07 2.77788e-07
5.6659e-08 1.22514e-07 1.6654e-07
1.35201e-07 2.26208e-07 1.85667e-07
1.93412e-07 2.69405e-07 2.98184e-07
2.54041e-07 3.27429e-07 1.019e-07
5.14362e-08 1.80412e-08 2.47462e-07
3.33727e-08 1.80609e-07 1.02968e-07
3.04695e-07 2.45768e-07 2.38956e-07
7.98976e-08 6.19701e-08 2.48932e-07
1.37571e-07 2.28456e-07 1.04826e-07
1.10578e-07 1.7083e-07 1.37779e-07
1.89461e-07 2.27505e-07 8.33687e-08
6.3137e-08 1.69864e-07 2.7659e-07
7.93937e-08 3.02085e-07 2.27832e-07
1.22077e-07 1.40481e-07 1.36943e-07
2.47076e-07 2.01462e-07 2.22299e-07
5.40889e-08 1.04178e-07 1.17379e-07
1.70101e-07 1.33224e-07 7.0045e-08
2.22542e-07 7.20164e-08 1.11121e-07
2.34849e-07 1.58406e-07 3.2914e-07
8.03083e-08 1.72791e-07 9.37613e-08
3.75723e-08 3.08178e-07 3.20233e-07
2.85666e-07 2.93375e-07 2.84363e-07
2.27423e-07 2.81242e-07 3.09751e-07
1.29117e-07 1.95283e-07 1.69693e-07
6.68077e-08 9.58888e-08 2.76354e-07
2.68228e-07 9.00131e-08 1.0895e-07
2.86556e-07 2.68931e-07 2.93774e-07
1.43344e-07 1.8306e-07 2.77834e-07
4.45273e-08 1.47461e-07 2.55972e-07
3.04638e-07 3.17247e-08 1.65716e-07
2.78545e-07 2.48587e-07 8.7721e-08
2.16017e-07 1.46343e-07 1.18535e-07
8.32749e-08 1.4173e-07 1.84382e-07
2.13481e-07 2.3669e-07 2.60429e-07
5.1114e-08 3.57517e-08 2.34664e-07
2.00768e-07 8.33318e-08 1.70815e-07
2.067e-08 1.46781e-07 4.27985e-08
2.83643e-08 1.6349e-07 3.15273e-07
2.49715e-07 4.18921e-08 9.06308e-08
8.09817e-08 3.03695e-07 2.55035e-07
4.35512e-08 1.91754e-07 1.58589e-07
2.33627e-07 3.2539e-07 3.0539e-07
1.65516e-07 2.82516e-07 1.81039e-07
1.80603e-07 2.44168e-07 1.08194e-07
1.35105e-07 2.61132e-07 3.29076e-07
8.98889e-08 2.45087e-07 8.47218e-08
1.62538e-07 5.2874e-08 2.68995e-07
2.82318e-07 2.53722e-07 1.40306e-07
1.9183e-07 3.15499e-07 3.28055e-07
7.68179e-08 2.50713e-07 1.47969e-07
2.88383e-07 7.76265e-08 9.69879e-08
2.24433e-07 2.65271e-07 1.1241e-07
2.09407e-07 2.50992e-07 1.26442e-07
7.42311e-08 2.83813e-07 1.89715e-07
2.86765e-07 1.45273e-07 7.62871e-09
2.2487e-07 2.02549e-07 2.53769e-07
2.15539e-07 9.06075e-08 1.56988e-07
2.39215e-07 2.98522e-07 3.04914e-07
2.03656e-07 4.18847e-08 2.25454e-07
1.67352e-08 1.25795e-07 3.97799e-08
7.64441e-08 4.90765e-08 1.0984e-07
2.75842e-07 5.37028e-09 1.21059e-07
1.9315e-07 7.05277e-08 2.56128e-07
2.27612e-07 4.83574e-08 2.3382e-07
1.01695e-07 1.53944e-07 8.88188e-08
1.52108e-07 2.5208e-07 3.1934e-07
1.77982e-07 8.45255e-08 2.21973e-07
4.39946e-08 1.80876e-07 2.2181e-07
1.09783e-07 1.37742e-07 1.19356e-07
2.26714e-07 1.27249e-07 2.14892e-07
2.32392e-07 1.55089e-07 2.8552e-07
3.07732e-07 1.75538e-07 4.56633e-08
1.00433e-07 2.90504e-07 2.68718e-07
3.09545e-07 3.08666e-07 2.28789e-07
2.8099e-07 9.62877e-08 2.83195e-07
2.35722e-07 1.77114e-07 1.27598e-07
2.12416e-07 2.31632e-07 5.72801e-08
1.50377e-07 2.45613e-07 1.6708e-07
2.08708e-07 4.9933e-08 3.32554e-07
2.85149e-07 2.95848e-07 4.7327e-08
2.78438e-07 2.79738e-07 2.05669e-07
8.36364e-08 1.88282e-08 2.10371e-07
2.68027e-07 2.7162e-07 9.78343e-08
4.35596e-08 1.15857e-07 2.7924e-07
1.9296e-07 2.91477e-07 4.94624e-08
1.40285e-07 1.35064e-07 1.96164e-07
3.01987e-07 5.91532e-08 2.29373e-07
1.38556e-07 2.17471e-07 1.35841e-07
1.81209e-07 1.74534e-07 8.74218e-08
3.17894e-07 2.79756e-07 2.1389e-07
2.40938e-07 2.26259e-07 1.62219e-07
1.66178e-07 6.73248e-08 1.65798e-07
2.96138e-07 9.61725e-08 3.32652e-07
1.78027e-07 1.72452e-07 3.05279e-07
2.8258e-07 2.74625e-07 1.13456e-07
2.39901e-07 2.52696e-07 3.24294e-07
2.51731e-07 2.74138e-07 1.44007e-07
2.46533e-07 8.79299e-08 5.06782e-08
1.18361e-07 2.71865e-07 1.70298e-07
1.60253e-07 1.75109e-07 1.57291e-07
3.48727e-08 1.76945e-07 1.45384e-07
4.32065e-08 4.76566e-08 2.80384e-07
2.77632e-07 5.54935e-08 8.93519e-08
2.5538e-07 8.29193e-08 5.1885e-09
2.70927e-07 1.82331e-07 5.63397e-08
1.02511e-07 4.28053e-08 1.88152e-07
2.5634e-07 1.40397e-07 2.7181e-07
1.68659e-07 2.99263e-07 7.1037e-08
1.73287e-07 4.08678e-08 9.96146e-08
1.44141e-07 1.12246e-07 5.77145e-08
3.13597e-07 2.1314e-07 6.42526e-08
1.77909e-07 2.2246e-07 2.20569e-07
1.48927e-07 1.64309e-07 1.81549e-07
1.47894e-07 7.41504e-08 1.4851e-07
2.33479e-07 5.27849e-08 6.23788e-08
2.1766e-08 3.24376e-07 7.84688e-08
2.96895e-08 3.41082e-08 2.36925e-07
2.1696e-07 2.00712e-07 2.33585e-07
2.12234e-07 6.16962e-08 2.25818e-07
5.7569e-08 2.06867e-07 2.11474e-07
1.35659e-07 2.41661e-07 2.59677e-07
2.49505e-07 3.20957e-07 1.2198e-07
1.08926e-07 1.06664e-07 2.35446e-07
8.55811e-08 7.28782e-08 1.89968e-07
8.1509e-08 1.12441e-07 3.2938e-08
4.879e-08 1.55725e-07 2.84155e-07
1.81569e-07 3.11021e-07 5.82558e-08
5.22961e-08 5.13299e-08 2.57443e-07
1.77613e-07 1.55502e-08 2.03819e-07
1.02683e-07 1.9083e-07 1.95606e-07
1.92668e-07 2.95726e-07 7.0775e-08
7.36437e-08 6.69776e-08 2.28945e-07
2.30499e-07 1.48369e-07 7.19483e-08
8.62089e-09 5.04232e-08 1.49454e-07
1.6898e-07 1.5861e-07 4.39348e-08
2.23601e-07 2.28795e-07 1.43066e-07
2.51136e-07 1.40086e-08 1.18375e-07
1.50681e-07 2.16637e-07 6.6853e-08
7.02424e-09 3.2053e-07 2.4988e-07
1.25828e-07 2.55863e-07 3.05306e-07
2.24883e-07 1.23836e-07 3.18865e-07
1.74741e-07 2.60121e-07 4.62903e-08
1.49274e-07 5.9982e-08 1.3246e-07
2.36717e-07 1.21899e-07 8.55848e-08
4.37384e-08 3.00417e-07 1.0766e-07
3.87154e-08 6.3644e-08 7.04774e-08
3.02352e-07 2.07732e-07 2.8374e-07
9.67428e-08 2.80276e-07 1.06543e-07
5.86545e-08 3.07724e-07 2.40216e-07
3.18078e-07 2.50652e-07 2.22787e-07
2.49554e-07 2.07385e-07 1.82204e-07
8.26171e-08 2.69042e-07 2.93347e-07
1.32871e-07 2.50605e-07 2.38434e-07
1.3338e-07 1.26304e-07 4.5572e-08
9.55861e-08 1.55542e-07 1.60101e-07
1.21056e-07 3.2599e-07 9.68867e-08
2.58953e-07 3.10374e-07 2.38526e-07
2.50033e-07 6.05491e-08 5.09544e-08
2.66626e-07 3.04057e-08 1.82482e-08
4.16726e-08 1.63206e-07 1.12632e-07
5.56612e-08 2.62024e-07 2.00583e-07
1.49891e-07 2.92209e-07 2.42449e-07
2.43484e-07 6.77307e-08 1.08106e-07
1.21016e-07 1.9812e-07 1.27889e-07
2.27189e-07 2.51486e-07 1.73081e-07
2.28933e-07 2.07223e-07 2.11609e-07
7.90936e-08 1.44284e-07 2.30092e-07
2.3319e-07 2.09711e-07 1.36412e-07
2.41246e-07 1.87941e-07 1.09448e-07
1.01779e-07 1.21739e-07 1.31485e-07
1.50401e-07 2.95539e-08 5.62817e-08
2.08236e-07 7.52176e-08 3.00781e-07
1.74772e-07 8.12061e-08 2.00996e-07
2.65144e-07 2.38313e-07 1.93734e-07
2.57888e-07 1.76451e-07 8.5711e-08
2.36564e-07 1.53158e-07 5.16644e-08
3.06077e-07 3.47197e-08 2.08108e-07
2.35406e-07 2.95617e-07 2.53805e-07
5.18865e-08 1.05946e-07 1.79489e-07
1.37072e-07 2.90375e-08 2.94217e-07
8.18769e-08 5.36835e-08 3.22591e-07
1.62378e-07 2.3393e-07 9.89279e-08
2.19154e-07 1.70449e-07 3.20566e-07
1.00876e-07 1.44971e-07 1.39036e-07
3.04078e-07 2.84036e-07 3.27264e-07
2.31841e-07 3.1264e-07 1.31586e-07
1.68767e-07 0 1.91518e-07
1.55897e-07 2.16482e-07 1.09621e-07
1.19186e-07 6.71415e-08 3.31317e-07
2.0667e-07 2.72501e-07 1.28797e-07
1.54525e-07 2.35938e-07 2.07468e-07
2.48986e-07 2.81327e-07 5.84985e-08
7.45394e-08 1.77154e-07 2.43315e-07
1.56859e-07 3.00768e-07 2.60927e-07
2.68846e-07 2.58386e-07 1.20681e-07
2.68231e-07 1.58982e-07 2.66711e-07
3.2079e-07 1.61894e-07 1.84292e-07
2.91141e-07 1.94165e-07 2.70727e-07
9.30036e-08 6.48592e-08 8.34796e-08
9.01685e-08 1.76492e-07 1.41549e-07
2.03074e-07 6.80798e-08 1.26099e-07
2.25409e-07 2.96699e-07 1.45236e-07
1.63675e-07 9.84074e-08 2.08389e-07
2.13509e-07 1.63978e-07 2.11859e-07
2.08396e-07 1.25004e-07 2.03552e-07
1.21279e-07 2.57384e-07 1.0893e-07
1.47302e-07 1.26341e-07 2.8786e-07
2.40712e-07 8.89744e-08 2.37631e-07
2.24631e-07 9.65354e-08 8.42267e-08
6.19951e-08 7.08641e-08 9.12256e-08
2.00326e-07 1.86351e-07 1.41188e-07
9.06496e-08 5.52946e-09 2.45394e-07
1.61058e-07 1.05031e-07 1.87851e-07
2.68849e-07 9.27638e-08 2.35759e-07
9.73329e-08 1.14506e-07 4.7639e-08
2.93257e-07 1.97104e-07 3.18501e-07
1.34108e-07 1.6252e-07 8.6222e-08
5.53236e-08 1.42281e-07 3.27978e-07
2.60816e-07 1.54332e-07 3.52547e-07
2.54664e-07 1.05612e-07 1.61533e-07
5.13001e-08 1.74551e-08 1.47355e-07
1.49408e-07 9.86785e-08 3.08865e-07
4.17309e-08 8.98857e-08 2.39675e-07
1.7183e-07 3.04549e-07 2.18758e-07
2.61101e-07 1.94589e-08 1.69196e-07
1.28897e-07 1.69334e-07 1.88877e-07
2.27631e-07 2.46553e-07 5.35063e-08
2.22866e-07 1.87574e-08 1.38773e-07
2.91571e-07 1.37208e-07 2.74182e-07
2.64815e-07 2.08723e-07 8.07618e-08
1.21909e-07 5.1469e-08 1.84618e-07
2.06362e-07 2.16694e-07 2.56793e-07
4.02137e-08 3.0274e-07 2.78879e-07
1.53067e-07 2.59682e-07 1.83409e-07
1.45682e-07 9.50578e-08 1.44109e-07
4.25392e-08 2.82965e-07 3.14444e-07
2.87608e-07 1.07724e-07 2.66289e-07
7.52295e-08 1.85871e-07 1.0999e-07
1.75184e-07 1.59569e-07 1.01877e-07
3.53936e-08 5.49827e-08 3.14284e-07
2.29023e-07 5.38242e-08 1.83921e-07
2.91198e-07 1.75092e-07 1.75526e-07
3.07417e-07 1.0431e-07 2.42799e-07
1.46099e-07 2.80632e-07 1.28231e-07
2.81925e-07 8.06149e-08 1.50833e-07
1.15116e-07 1.53191e-07 1.69809e-07
1.0581e-07 7.34669e-08 1.53794e-07
1.41971e-07 2.11381e-07 2.00025e-07
1.3442e-07 2.18288e-07 2.18916e-07
2.61226e-07 3.9792e-08 1.62135e-07
2.04916e-07 4.80598e-08 8.99697e-08
4.033e-08 2.61665e-07 7.21157e-08
9.66189e-08 3.46842e-08 9.23521e-08
1.45633e-07 1.55567e-08 1.82636e-07
1.71951e-07 1.06639e-07 1.46781e-07
1.31257e-07 1.92937e-07 1.97682e-07
2.2123e-07 1.42534e-07 1.47715e-07
1.93022e-07 2.16045e-07 1.40503e-07
1.09616e-07 8.66471e-09 3.89066e-08
2.75847e-07 2.13449e-07 2.43671e-07
2.6755e-07 5.11563e-08 2.49574e-07
1.02182e-07 1.38412e-07 4.2277e-08
2.78804e-07 1.15129e-07 1.99337e-07
1.7861e-07 1.03441e-07 2.60263e-07
1.10533e-07 1.66538e-07 2.00055e-07
2.89798e-07 3.18311e-08 4.25083e-08
2.28601e-07 7.01042e-08 2.52697e-07
1.02611e-07 2.09981e-07 2.05606e-07
2.67335e-07 1.07792e-07 2.5891e-07
2.50989e-07 2.90294e-07 1.58267e-07
4.39e-08 1.3569e-07 2.90576e-07
2.54016e-07 2.67885e-07 3.31187e-07
1.3309e-07 2.95209e-07 2.10518e-07
1.05194e-07 8.49048e-08 1.85265e-07
1.56592e-07 1.65974e-07 3.12521e-07
2.48453e-07 1.17544e-07 2.63226e-07
2.383e-07 1.75605e-07 1.62401e-07
1.16879e-08 3.94511e-08 1.0018e-07
3.02148e-07 3.04341e-07 3.20196e-07
2.38394e-07 1.84797e-07 2.03698e-07
2.33009e-07 2.58794e-07 2.51101e-07
2.44627e-07 2.3917e-07 1.79091e-07
1.31365e-07 1.32983e-07 3.01217e-07
2.10421e-08 1.58905e-07 1.16951e-07
6.95979e-08 1.59167e-07 1.923e-07
3.76774e-08 2.71604e-07 1.68877e-07
7.41994e-08 2.31981e-07 1.58385e-07
2.67032e-07 2.17513e-07 2.91324e-07
2.14765e-07 8.64821e-08 2.50057e-07
7.56182e-08 2.78862e-07 1.02668e-07
2.77607e-07 2.90549e-07 9.39578e-08
1.5575e-07 2.93359e-07 3.26744e-07
6.18177e-08 4.8706e-08 3.28753e-07
1.74566e-07 2.8993e-07 8.94997e-08
3.69769e-08 2.25179e-07 1.23067e-07
1.25814e-07 1.81438e-07 8.01415e-08
1.00663e-07 2.04812e-07 1.2909e-07
2.07647e-07 1.32458e-07 1.60916e-07
2.19105e-07 2.98926e-07 2.30605e-07
1.28909e-07 9.31224e-08 2.14066e-07
2.7249e-07 2.07204e-08 2.16908e-07
2.89683e-07 6.96046e-08 3.00717e-07
8.15261e-08 1.1113e-07 2.8093e-07
2.15177e-07 1.37529e-07 1.87162e-07
1.9045e-07 2.9097e-07 1.72445e-07
2.41376e-07 1.56989e-07 1.74436e-07
2.89408e-07 9.84996e-08 2.3201e-07
3.21818e-08 2.18825e-08 1.38157e-07
1.86828e-07 1.52248e-07 1.76117e-07
1.68185e-07 6.06584e-08 1.99249e-07
1.47287e-07 1.14198e-07 1.73914e-07
2.80249e-07 7.61498e-08 1.20372e-07
1.97737e-07 6.4844e-08 6.76197e-08
2.64274e-07 2.89691e-07 1.35297e-07
9.82492e-08 2.25616e-07 1.34765e-07
2.08047e-07 2.31305e-07 1.17643e-07
1.00412e-07 3.06229e-07 2.25034e-07
7.70042e-08 1.97176e-07 1.78701e-07
2.73603e-07 1.88641e-07 7.67141e-08
1.81596e-07 9.1857e-08 1.65561e-07
2.94804e-07 2.49358e-07 1.23136e-07
1.82061e-07 2.81231e-07 2.56548e-07
1.21057e-07 1.19997e-07 2.23024e-07
1.94905e-07 2.5482e-07 2.04659e-07
2.00819e-07 1.77712e-07 1.68263e-07
2.48817e-07 1.33285e-07 3.17253e-07
6.71776e-08 4.35297e-08 9.11101e-08
1.36267e-07 2.08271e-07 1.12883e-07
2.76368e-07 1.50601e-07 1.65811e-07
2.79863e-07 2.05004e-07 3.03226e-07
1.01971e-07 2.86143e-07 1.98194e-07
1.68494e-07 1.54116e-07 2.98894e-07
2.11598e-07 1.28191e-07 5.03518e-08
2.83418e-07 9.45706e-08 6.2735e-08
4.90893e-08 1.60526e-07 2.39422e-07
2.80023e-08 8.28679e-08 1.69546e-07
2.17779e-08 2.57606e-07 6.12507e-08
2.59703e-07 9.57942e-08 1.79964e-07
9.89848e-08 1.74648e-07 5.62866e-08
2.4075e-07 3.01167e-07 5.82965e-08
9.27321e-08 8.4604e-08 2.61786e-07
1.6338e-07 2.30674e-07 1.58003e-07
1.65979e-07 1.90636e-07 7.43207e-08
8.19139e-08 1.12862e-07 1.31392e-07
5.89649e-08 1.42942e-07 4.0798e-08
2.84289e-07 2.40756e-07 2.57756e-07
1.85296e-07 2.04922e-07 2.10524e-07
2.13991e-07 2.50219e-08 2.93161e-07
1.73691e-07 5.50007e-08 1.16298e-07
1.90999e-07 2.00137e-07 1.54766e-07
3.10215e-07 3.46173e-08 4.88482e-08
1.78722e-07 1.67303e-07 2.37235e-07
1.10555e-07 7.90914e-09 1.72047e-08
4.22953e-08 3.03075e-07 8.6225e-08
2.4273e-07 3.61821e-08 2.89529e-07
1.9087e-07 2.03989e-07 2.65515e-07
2.67219e-07 2.28823e-07 2.3143e-07
1.70959e-07 2.31556e-07 1.55474e-08
1.18208e-07 2.78638e-07 1.04983e-07
4.11509e-08 1.13422e-07 3.00816e-07
2.62904e-07 2.40796e-08 3.01049e-07
3.60013e-08 3.12174e-07 6.75016e-08
2.00942e-07 8.23284e-08 1.0005e-07
1.7393e-07 2.11658e-07 1.60948e-07
8.80516e-08 9.4009e-08 1.94742e-07
8.59526e-08 1.00455e-07 9.78777e-08
2.87402e-07 2.6257e-08 1.54147e-07
3.11535e-07 2.41039e-07 1.12082e-07
9.5411e-08 1.39114e-07 1.03088e-07
3.02743e-07 2.45605e-07 2.95276e-07
1.1937e-07 1.12664e-07 3.5869e-08
2.45286e-07 2.32102e-07 2.0051e-07
2.83496e-07 4.34417e-08 2.99116e-07
2.0268e-07 2.5865e-07 2.11775e-08
3.03147e-07 2.69121e-07 2.01641e-07
1.38184e-07 1.72766e-07 2.44329e-07
1.59172e-07 1.26027e-07 9.91482e-08
2.56577e-07 1.43198e-07 1.6185e-07
4.31059e-08 1.25065e-07 3.32851e-07
2.13826e-07 2.23839e-07 2.89268e-07
1.4888e-07 1.63411e-07 3.78255e-08
2.99845e-07 1.60556e-07 2.64399e-07
3.13832e-07 3.24174e-07 8.13183e-08
1.55166e-07 1.54899e-07 1.63255e-07
2.14493e-08 2.54647e-07 9.93457e-08
1.99059e-07 3.82105e-08 4.35637e-08
2.95143e-07 7.66394e-08 6.44528e-08
2.02099e-07 2.74399e-07 1.64662e-07
1.24792e-07 3.96373e-08 2.91462e-08
2.4942e-08 8.46766e-08 3.18374e-07
2.48237e-08 1.64058e-07 6.78118e-08
2.69437e-07 1.18916e-07 2.23093e-07
2.3277e-07 1.5986e-07 2.2135e-07
1.67741e-07 1.92677e-07 2.08601e-07
2.19531e-07 2.97366e-07 2.85007e-07
7.95058e-08 5.70604e-08 3.0119e-07
1.28973e-07 2.34493e-07 2.04482e-07
9.51902e-08 2.29135e-07 2.82038e-07
1.68567e-07 1.91808e-07 9.58144e-08
9.49514e-08 2.74312e-07 6.24259e-08
3.11372e-07 2.71498e-07 2.79322e-07
1.41509e-07 7.84987e-08 2.04424e-07
2.26386e-07 8.83264e-08 6.4008e-08
7.14338e-08 4.57122e-08 1.51954e-07
7.45204e-08 1.13269e-07 2.51152e-07
9.43108e-08 1.5748e-07 2.43648e-07
1.03026e-08 2.56435e-08 2.42688e-07
5.70066e-08 1.5691e-08 3.31208e-07
3.08311e-07 5.69654e-08 2.49952e-07
2.82997e-07 3.17199e-07 1.57166e-07
1.91288e-07 6.49422e-08 9.15915e-08
2.1745e-07 1.35791e-07 2.76663e-07
3.30203e-08 9.10905e-08 8.66421e-08
3.1664e-07 2.96031e-07 1.83209e-07
1.62283e-07 3.07499e-07 2.0333e-08
3.00379e-07 3.06417e-07 2.93501e-07
2.19576e-07 8.0683e-08 2.156e-07
3.44582e-08 1.52911e-07 2.1622e-08
7.26962e-08 2.61914e-07 4.1271e-08
3.05582e-07 1.12681e-07 5.25845e-08
2.37896e-07 2.75566e-07 2.06482e-07
1.53127e-07 4.80564e-08 3.09353e-07
7.0293e-08 1.34098e-07 2.90497e-07
2.56203e-07 1.45598e-07 3.33238e-07
2.92942e-07 2.59032e-07 2.66083e-07
1.17542e-07 2.18058e-07 1.2055e-07
2.68228e-07 2.93035e-08 1.4433e-07
2.27954e-07 5.20521e-08 8.33518e-08
2.74393e-07 4.90447e-08 1.97373e-07
2.12349e-07 3.05355e-08 1.24057e-07
1.56326e-07 5.98094e-08 2.49522e-07
2.35814e-07 1.52535e-07 1.12964e-07
1.31072e-07 1.22939e-07 7.0964e-08
1.56344e-07 1.9895e-08 2.97445e-07
1.33128e-07 9.52401e-08 1.67042e-07
7.70793e-08 2.61307e-07 2.14847e-07
2.39471e-07 9.69964e-09 5.86992e-08
1.45133e-07 1.76374e-08 1.38496e-07
1.86334e-07 8.77085e-08 2.44591e-07
1.70117e-07 1.0704e-07 2.93706e-07
4.80753e-08 3.19894e-07 1.1594e-07
6.20381e-08 5.16923e-08 7.03783e-08
1.8465e-07 2.18692e-07 2.9453e-07
2.17668e-07 1.81292e-07 1.81334e-07
1.8411e-07 6.49868e-08 2.15137e-07
2.24616e-07 1.79628e-07 7.43313e-08
2.57126e-07 6.2208e-08 8.96322e-08
1.61508e-07 1.3146e-07 2.4075e-07
4.99244e-08 1.67086e-07 1.8895e-07
1.49685e-07 1.90799e-07 1.75429e-07
1.57302e-07 1.48334e-07 1.93206e-07
1.58667e-07 1.74936e-07 2.37675e-07
2.36546e-07 1.56954e-07 2.53704e-07
1.34722e-07 2.47517e-07 1.40884e-07
2.59281e-07 9.77018e-08 2.99801e-07
1.31383e-07 1.99805e-07 2.84554e-07
1.49802e-07 1.05036e-07 1.09226e-07
1.89277e-07 1.19221e-07 1.50424e-07
1.96721e-07 1.70157e-07 7.28279e-08
2.6869e-07 3.32344e-07 2.81165e-07
1.54359e-07 1.11156e-07 1.69953e-08
2.75276e-07 3.23308e-07 1.0232e-07
3.00455e-07 1.39956e-07 1.21389e-07
7.21374e-08 7.51196e-09 2.5661e-07
6.46986e-08 1.29711e-07 2.23017e-07
3.72971e-08 1.83072e-07 2.82014e-07
2.69109e-07 5.15812e-08 5.52396e-08
1.75488e-07 3.18034e-07 3.12048e-07
3.37521e-07 1.29417e-07 8.51459e-09
2.78844e-08 5.17865e-08 1.27108e-07
2.83311e-07 3.0093e-07 2.04401e-07
1.00256e-07 1.04972e-07 6.68919e-08
9.41391e-08 2.5464e-07 3.12421e-07
1.42328e-07 2.49664e-07 2.18874e-07
2.75561e-07 2.17645e-07 1.71581e-07
7.56138e-08 2.24491e-07 2.64891e-07
1.71903e-07 2.10794e-07 2.78827e-07
5.45605e-08 1.88612e-07 2.70372e-07
2.97586e-07 4.54453e-08 1.4691e-07
2.68806e-07 2.29521e-07 8.4984e-08
2.75112e-07 9.60897e-08 1.64539e-07
2.25595e-07 5.13625e-08 1.04718e-07
1.38123e-07 5.02109e-08 2.273e-07
5.88495e-08 7.88134e-08 1.9738e-07
1.25997e-07 1.51562e-07 2.65938e-07
2.10579e-07 4.42923e-08 2.76241e-07
3.1139e-07 1.90864e-07 2.50727e-07
1.98694e-07 1.56757e-07 2.59948e-07
2.1604e-07 1.56077e-07 8.69046e-08
1.11868e-07 2.54987e-07 2.39279e-07
3.03643e-07 2.05142e-07 1.9911e-07
9.18849e-08 1.63529e-07 1.12763e-07
2.47777e-07 1.19557e-07 3.88069e-08
2.10949e-07 1.09357e-07 3.9754e-08
3.81959e-08 3.48183e-08 2.5668e-07
1.40817e-07 3.7224e-08 9.68353e-08
1.75372e-08 1.05678e-07 2.58849e-07
1.64832e-07 2.86019e-07 1.08384e-07
1.19096e-07 2.49058e-07 6.73017e-08
1.79018e-07 2.54951e-08 2.414e-07
1.3386e-07 3.33809e-08 3.27303e-07
1.33073e-07 2.76892e-07 2.22185e-07
2.77399e-07 1.57476e-07 2.10783e-07
1.10972e-07 2.3478e-07 3.24099e-07
2.41397e-07 4.27962e-08 1.54014e-07
3.82735e-08 3.01274e-07 3.50517e-08
6.99354e-08 2.94163e-07 2.08054e-07
2.16322e-07 1.07853e-07 2.76856e-07
2.57948e-07 8.63764e-08 2.78193e-07
1.16153e-07 1.84582e-08 3.23964e-07
2.3324e-07 1.20724e-07 2.41226e-07
3.24488e-07 2.08067e-07 2.52021e-07
1.33036e-07 1.52243e-07 6.70747e-08
1.13833e-07 6.14937e-08 2.91388e-07
2.68626e-07 2.4669e-07 2.4387e-07
2.20435e-07 2.33262e-07 1.63823e-07
2.38223e-07 2.44592e-08 1.64811e-07
2.76099e-07 1.71112e-07 1.31973e-07
9.49199e-08 2.1979e-07 2.55524e-07
1.12204e-07 1.33194e-07 2.37663e-07
2.09461e-07 2.9982e-07 3.13057e-07
1.26722e-07 6.46642e-08 2.12004e-07
2.08757e-08 2.89291e-07 1.34893e-07
1.94614e-07 1.43203e-07 1.18691e-07
8.82925e-08 1.19293e-08 2.9873e-07
3.19329e-08 2.88916e-07 5.18374e-08
7.04066e-08 2.73408e-07 2.31569e-07
2.70915e-07 2.77717e-07 1.53678e-07
1.24587e-07 7.95233e-08 1.29941e-07
1.68363e-07 2.1392e-07 2.57548e-07
2.63985e-07 1.20322e-07 3.25618e-07
1.31299e-07 8.71711e-08 2.34728e-07
1.42593e-07 2.67667e-07 8.24911e-08
1.84306e-07 2.28322e-07 2.54919e-07
1.66525e-07 2.61732e-07 1.82963e-08
1.59324e-07 2.41693e-07 2.38425e-07
3.06063e-07 9.69627e-08 3.77252e-08
4.18925e-08 3.24999e-07 1.39405e-07
1.35481e-07 1.04299e-07 1.96533e-07
9.92943e-08 1.79814e-07 1.6195e-07
1.97356e-07 1.73879e-07 2.46554e-07
1.65003e-07 2.75509e-07 3.48879e-08
1.40943e-07 1.6077e-07 2.25358e-07
1.34416e-07 2.50826e-07 1.9146e-07
1.96503e-07 2.17255e-07 5.80402e-08
9.31622e-08 5.10499e-08 1.43367e-07
2.96572e-07 1.12554e-07 2.85589e-07
2.49791e-07 1.70146e-07 2.64946e-07
1.27042e-07 2.57468e-08 2.70453e-07
3.06884e-07 2.85251e-07 1.20206e-07
2.46506e-07 2.33833e-07 2.62268e-07
1.44722e-07 1.46897e-07 3.17911e-07
2.56942e-07 2.66726e-07 2.99139e-07
2.7201e-07 3.01146e-08 5.50658e-08
7.728e-08 1.21873e-07 1.73954e-07
3.01718e-07 2.9065e-07 1.68244e-07
1.01067e-07 2.29639e-07 1.9691e-07
3.75738e-08 2.71289e-07 2.96721e-07
2.20811e-08 7.22579e-08 1.29839e-07
5.21351e-08 1.27663e-07 1.86902e-07
2.40935e-07 2.41532e-07 1.39809e-07
8.72786e-09 3.39698e-07 8.6936e-08
1.49709e-07 1.99485e-07 2.18272e-07
1.98087e-07 1.42919e-08 1.23773e-07
1.25532e-07 1.89907e-07 1.08378e-07
1.52819e-07 2.28975e-07 2.55207e-07
1.30119e-07 1.80044e-07 1.35229e-07
2.90556e-07 2.77346e-07 2.23282e-07
2.80161e-07 3.14537e-07 3.75613e-08
1.95509e-07 1.4967e-07 2.1029e-07
2.86404e-07 1.67092e-07 2.90364e-07
1.45893e-07 2.03858e-07 4.99137e-08
1.93416e-07 2.19725e-07 1.66004e-07
1.71977e-08 1.60488e-07 8.75801e-08
2.10061e-07 1.12219e-07 8.77117e-08
2.93303e-07 2.19558e-07 6.00094e-08
1.55823e-07 2.92966e-07 2.91024e-07
2.97558e-07 2.30755e-07 1.4475e-07
6.53935e-08 6.31642e-08 3.41237e-08
6.69884e-08 1.4331e-07 3.0974e-07
6.78279e-08 2.89108e-07 2.46304e-07
1.91998e-07 1.16982e-07 1.23303e-07
2.62476e-07 1.20242e-07 3.48808e-07
2.29777e-07 1.22287e-07 1.74496e-07
2.62222e-08 1.80063e-07 8.2642e-08
1.44656e-07 2.8717e-07 1.7913e-07
1.64558e-07 1.01624e-07 2.43843e-07
1.05684e-08 7.775e-08 1.12347e-07
2.44419e-07 1.99798e-08 1.38058e-07
2.15491e-07 9.75013e-08 2.02751e-07
2.47925e-07 2.30699e-07 2.40867e-07
2.03737e-07 1.96355e-07 2.50109e-07
2.29597e-07 1.99113e-07 1.82389e-07
2.82726e-07 2.00901e-07 6.0499e-08
2.30779e-07 6.91155e-08 1.98961e-07
2.02543e-07 2.56955e-08 2.39625e-07
2.38464e-07 1.75799e-07 2.89819e-07
2.45672e-07 9.56276e-08 7.9243e-08
2.58324e-07 1.32566e-09 5.23016e-08
2.65562e-07 8.04074e-08 4.37784e-08
1.27899e-07 2.59848e-07 2.68271e-07
2.60152e-07 1.84311e-07 2.22536e-07
1.63502e-07 1.21149e-07 2.74584e-07
1.73547e-07 2.95285e-07 3.41295e-08
2.40584e-07 2.71519e-08 3.11089e-07
1.15987e-07 2.84988e-07 1.35227e-07
5.67761e-08 3.43746e-08 2.90823e-07
4.93881e-08 2.13728e-07 1.92674e-07
1.52892e-07 2.35492e-07 1.3961e-07
3.86705e-08 1.37276e-07 3.59875e-08
2.88518e-07 2.3355e-07 1.64279e-07
1.58707e-07 2.11377e-07 1.45548e-07
3.22461e-07 1.88653e-07 1.13293e-07
1.28591e-07 2.14049e-07 5.79518e-08
2.85919e-07 1.28014e-07 1.56558e-07
8.64879e-08 2.05582e-07 8.93963e-08
8.5491e-08 3.36643e-08 3.30549e-07
3.02171e-08 2.53089e-07 2.02051e-07
3.13671e-07 2.9575e-07 1.02345e-07
1.97675e-07 3.03209e-07 1.88583e-07
1.09887e-07 8.5879e-08 3.26171e-07
2.60691e-07 1.63141e-07 2.41812e-07
2.6895e-08 1.77821e-08 1.06757e-07
1.73019e-07 2.53407e-07 1.89939e-07
3.03866e-07 1.50455e-08 9.97705e-08
8.39429e-08 3.594e-08 1.96917e-07
7.7486e-08 2.5364e-07 6.3568e-08
1.28566e-07 6.41319e-08 3.13685e-08
1.92088e-07 2.40248e-07 2.56996e-08
1.89861e-07 1.97016e-07 6.23243e-08
5.42752e-08 1.76265e-07 1.24678e-07
1.49926e-07 1.94629e-07 3.0726e-07
1.25037e-07 1.14342e-07 9.74719e-08
2.60874e-07 1.46785e-07 2.01833e-07
2.66784e-07 2.82861e-07 2.85912e-07
1.02703e-07 1.39276e-08 2.82869e-07
1.03977e-07 5.21339e-08 3.35294e-07
2.93454e-07 1.72577e-07 1.44684e-07
6.21842e-08 1.89678e-07 1.99473e-07
1.1715e-07 2.77042e-07 2.97091e-07
1.40771e-07 2.4856e-07 1.12076e-07
2.74283e-07 1.35055e-07 3.38571e-07
1.09619e-07 2.66101e-07 2.00675e-07
1.07914e-07 8.96879e-08 2.80815e-07
2.13907e-07 2.46367e-07 2.23826e-07
1.02184e-07 6.97172e-08 2.7496e-07
2.9658e-07 5.40378e-08 2.09112e-07
3.96786e-08 8.93711e-08 2.91409e-07
2.6694e-07 8.0476e-08 3.10809e-07
6.51514e-08 2.29795e-07 1.99151e-07
3.81492e-08 1.24867e-07 1.55218e-07
8.85203e-08 2.47605e-07 4.49657e-08
2.88699e-08 1.47267e-07 3.00963e-07
2.28953e-07 1.30275e-07 3.74155e-08
5.71328e-08 1.80903e-07 1.45729e-07
1.9878e-07 1.01529e-07 2.33759e-07
1.95681e-07 1.42781e-07 5.20821e-08
2.03342e-07 2.65217e-07 1.0824e-07
2.14599e-07 1.77547e-07 2.34281e-07
1.21418e-07 9.95039e-09 1.58818e-07
3.7474e-08 2.53209e-07 1.23106e-07
2.96503e-07 2.42324e-07 2.19218e-07
1.18906e-07 1.39125e-07 2.82576e-07
1.92104e-07 1.66191e-07 1.26895e-07
9.70879e-08 2.25091e-07 1.12714e-07
1.2461e-07 1.26092e-08 6.10243e-08
2.83139e-07 7.66746e-08 2.38856e-07
2.503e-07 1.35462e-07 2.51579e-07
1.32093e-07 5.71849e-08 9.67903e-08
2.47319e-07 1.81237e-07 4.60947e-08
3.87767e-08 2.66476e-07 1.0453e-07
2.47217e-07 1.02152e-07 2.58431e-08
1.87759e-08 3.11226e-08 2.65785e-07
1.39284e-07 1.70396e-07 1.057e-07
2.93129e-07 1.88847e-07 2.08966e-07
1.66546e-07 2.83295e-07 2.17144e-07
9.46001e-08 2.40207e-07 6.42065e-08
2.30809e-07 2.14196e-07 8.05781e-08
3.20384e-07 1.33771e-07 2.84213e-07
5.74646e-08 1.75772e-07 7.32469e-08
1.65313e-07 2.76029e-07 2.81647e-07
2.06233e-07 2.28574e-07 2.11735e-07
1.57213e-07 2.78191e-07 1.46473e-07
1.05059e-07 3.00318e-07 8.16263e-08
1.39525e-07 2.10458e-07 3.17744e-07
1.8771e-07 1.99186e-07 2.31179e-07
5.03746e-08 6.3343e-08 1.81167e-07
1.62766e-07 2.16753e-07 2.0088e-07
8.31995e-08 4.38116e-08 2.60344e-07
1.97354e-07 2.4306e-07 4.65322e-08
9.20594e-08 1.01309e-07 2.47841e-07
2.48915e-07 2.7018e-07 1.67648e-07
2.4409e-08 1.84266e-07 2.13247e-07
2.1726e-07 2.75713e-07 2.85979e-07
1.88177e-07 2.35529e-07 1.52225e-07
1.5713e-07 8.15872e-08 2.47154e-07
1.45312e-07 1.25972e-07 1.38194e-07
2.94358e-07 1.14274e-07 1.84129e-07
1.49779e-07 9.2049e-08 5.27425e-08
1.88347e-07 2.60955e-07 2.59963e-07
1.85261e-07 5.21511e-08 1.66136e-07
2.51072e-07 1.47045e-07 8.86876e-08
8.00748e-08 1.17067e-07 1.10406e-07
2.57067e-07 1.90027e-07 3.18332e-07
1.94966e-07 1.36492e-07 2.9068e-07
9.65202e-08 4.88248e-08 2.90577e-07
1.6655e-07 2.3526e-07 1.22373e-07
1.92053e-07 2.90358e-07 3.03827e-07
2.98513e-07 1.26743e-07 9.15768e-09
2.457e-07 7.33601e-08 1.35039e-07
1.25083e-07 1.73955e-07 2.18996e-07
2.61472e-07 9.54073e-08 2.15647e-07
1.51143e-07 9.54137e-08 3.13545e-08
1.67635e-07 3.35566e-08 1.20964e-07
1.10142e-07 2.70563e-07 7.72388e-08
1.89424e-07 2.58181e-07 6.75565e-08
1.64915e-07 3.04268e-07 1.19693e-07
2.33966e-07 1.02789e-07 1.66482e-07
7.05569e-08 1.57731e-07 2.52031e-07
2.47927e-07 2.11021e-07 6.74012e-08
1.02187e-07 8.9191e-08 2.24648e-07
2.40048e-07 1.45361e-07 2.0723e-07
5.05093e-08 3.10019e-07 1.52763e-07
2.13621e-07 7.94002e-08 1.90915e-07
2.46763e-07 2.12742e-07 3.04479e-07
2.22238e-07 2.60962e-07 3.15259e-07
3.15305e-07 2.36416e-07 2.79666e-07
2.56009e-07 1.70502e-07 1.23583e-07
3.12262e-07 1.81204e-07 1.51016e-07
9.72386e-08 1.93463e-07 2.18214e-07
1.57778e-07 2.3065e-07 3.25625e-08
2.07351e-07 2.67087e-07 7.5272e-08
6.51878e-08 2.02052e-07 8.76218e-08
1.51296e-07 2.72034e-07 2.34856e-07
1.94712e-07 3.10711e-07 2.96907e-07
2.18307e-07 1.56085e-07 2.69071e-07
7.74573e-08 1.66836e-07 1.62896e-07
2.20562e-07 1.754e-07 9.54666e-08
1.0886e-07 2.40713e-07 2.55032e-07
2.9298e-07 2.96301e-08 1.12014e-07
5.64821e-08 8.70471e-08 3.94721e-08
6.0337e-08 2.33239e-07 2.98812e-07
8.89779e-08 1.88519e-07 7.64254e-08
3.05079e-07 1.59907e-07 7.83233e-08
1.61766e-07 1.59331e-07 1.29935e-07
7.70818e-08 9.07569e-08 2.36612e-07
1.77417e-07 2.19628e-07 3.14899e-07
2.30643e-07 2.11585e-07 2.75637e-07
1.60955e-07 7.98545e-08 1.97781e-08
1.39883e-07 1.69426e-07 1.51634e-07
6.08247e-08 1.11059e-07 1.36694e-07
6.247e-08 1.40646e-07 1.35736e-07
2.29972e-07 9.79349e-08 1.42588e-07
2.75469e-07 1.92683e-07 1.14086e-07
1.01742e-07 3.13955e-07 1.20668e-07
2.26382e-07 2.50263e-07 2.70981e-07
8.73242e-08 8.95902e-08 7.49076e-08
1.12634e-07 4.8099e-08 9.86492e-08
1.98784e-07 5.95373e-08 4.64471e-08
0 4.10731e-08 2.69455e-07
1.23361e-08 3.03443e-07 2.61867e-07
5.8328e-08 2.74973e-07 1.74615e-07
1.96697e-07 1.01824e-07 2.1234e-07
1.86559e-07 1.16137e-07 8.61474e-08
8.34318e-08 1.72593e-07 2.69961e-07
1.06355e-07 2.4872e-07 1.87975e-07
2.48087e-07 7.36783e-08 1.79013e-07
2.72966e-07 1.26326e-07 2.71681e-07
2.61536e-07 2.48463e-07 1.3825e-07
1.34697e-07 1.48603e-07 1.77485e-07
3.64239e-08 7.07443e-08 2.48764e-07
3.17823e-07 3.03058e-07 8.23578e-08
1.77957e-07 1.48058e-07 8.34366e-08
1.05564e-07 2.35705e-07 3.27868e-08
1.33434e-07 5.05027e-08 2.55324e-07
4.08858e-08 7.48058e-08 3.07561e-07
1.94117e-07 1.70785e-07 2.75816e-07
1.9888e-07 2.68735e-07 2.7729e-07
6.64934e-08 2.36965e-07 2.33822e-07
1.19569e-07 3.60736e-08 3.11366e-07
1.18165e-07 6.83839e-08 5.05978e-08
2.11984e-07 3.05878e-08 1.02514e-07
2.65755e-07 1.8879e-07 1.7712e-07
3.1205e-08 1.14613e-07 2.11931e-07
3.26622e-07 7.27867e-08 3.18698e-07
2.81127e-07 1.50163e-07 1.32718e-07
7.21083e-08 2.22556e-07 1.80184e-07
2.83449e-07 2.79192e-07 1.71285e-07
6.19235e-08 2.07349e-07 3.08499e-07
5.22651e-08 1.59021e-07 3.09396e-07
2.44859e-07 2.78709e-07 9.47951e-08
1.15449e-07 2.14115e-07 2.589e-07
1.80553e-07 2.98731e-07 3.20203e-07
2.02853e-07 7.97697e-08 2.33319e-07
8.88286e-08 3.07034e-09 3.71315e-08
2.83646e-07 1.73833e-07 2.7001e-07
1.22633e-07 8.6379e-08 1.50458e-07
1.13172e-07 1.65334e-07 2.76638e-07
1.08864e-07 6.32991e-08 1.35128e-07
2.71833e-08 1.00954e-07 2.28423e-07
3.24981e-07 3.08944e-07 2.11369e-07
1.76371e-07 1.4416e-07 1.40136e-07
8.94855e-08 8.30695e-08 1.40036e-07
4.21517e-08 5.92871e-08 3.60514e-08
4.86754e-08 1.99864e-07 5.97197e-08
6.68641e-08 2.04929e-07 1.34596e-07
3.00033e-07 1.1328e-07 1.48914e-07
2.97059e-07 2.74557e-07 9.71068e-08
1.70253e-07 9.70057e-08 7.32187e-08
1.05028e-07 1.12704e-07 1.55166e-07
2.15177e-07 2.95491e-07 2.61002e-07
8.7818e-08 6.74651e-08 1.64509e-07
7.17842e-08 2.33621e-07 8.32829e-08
1.53774e-08 3.24198e-07 5.77551e-08
1.56873e-07 9.32537e-08 1.25762e-07
1.80895e-08 2.73247e-08 7.93375e-08
5.17386e-08 2.82692e-07 2.06297e-07
1.13019e-07 2.41972e-07 2.16803e-07
1.13505e-07 1.33747e-07 1.60258e-07
3.04866e-07 2.64297e-07 3.00009e-08
8.37969e-08 5.28057e-08 1.82572e-07
2.97109e-07 1.79295e-07 6.43077e-08
1.85472e-07 7.2142e-08 1.5756e-07
9.01173e-08 2.72472e-07 2.61136e-07
1.25017e-07 2.67596e-07 1.45068e-07
1.40473e-07 2.7595e-07 2.53324e-07
1.5177e-07 2.02885e-07 1.27099e-07
1.75948e-08 1.37116e-07 2.146e-08
3.18232e-08 1.3008e-07 2.52773e-07
3.03327e-07 1.71162e-07 1.93108e-07
1.34017e-07 2.5883e-07 1.6264e-07
5.51452e-08 1.05835e-07 2.4519e-07
9.32063e-08 5.43959e-08 1.22156e-07
9.01148e-08 8.89718e-08 2.92908e-07
2.45761e-07 6.56542e-08 2.65399e-07
2.4955e-07 1.06738e-07 1.27111e-07
1.94877e-07 3.71578e-08 1.78689e-07
3.11825e-07 2.80856e-07 7.09719e-08
2.37211e-08 9.13088e-08 1.40052e-07
1.34707e-07 2.06278e-07 7.69969e-08
3.34515e-08 2.26679e-07 2.14426e-07
6.71681e-08 9.88584e-08 1.95444e-07
8.00141e-08 6.27602e-08 6.63256e-08
3.11275e-07 1.53047e-07 2.81388e-07
2.32414e-07 4.45656e-08 2.02998e-07
1.12197e-07 1.65192e-07 2.34178e-07
2.09288e-07 1.47868e-07 6.78838e-08
1.54619e-07 3.14091e-08 1.7117e-07
3.14671e-07 6.81687e-08 2.0188e-07
5.45511e-08 2.29071e-07 2.17816e-07
1.40682e-07 1.4789e-07 1.28599e-07
1.63845e-07 2.5456e-07 2.78264e-07
4.17839e-08 2.41377e-07 2.38528e-07
2.37162e-07 2.57205e-07 1.91257e-07
1.71981e-07 2.91228e-07 2.36511e-07
3.13237e-07 2.55235e-07 3.11698e-07
2.03895e-07 6.71548e-08 2.057e-07
1.21729e-07 2.00953e-07 2.15251e-07
2.78607e-07 1.58131e-07 1.12769e-07
2.95625e-07 2.35546e-07 4.55806e-08
2.54713e-07 2.71638e-07 7.70524e-08
8.20922e-08 8.0017e-08 3.11083e-07
1.91143e-07 1.26067e-07 6.76315e-08
1.28681e-07 2.96168e-07 2.41491e-07
8.05772e-08 1.40531e-07 4.217e-08
3.912e-08 6.96409e-08 2.00207e-07
2.32103e-07 2.66514e-07 6.01809e-08
1.67092e-07 1.29704e-07 1.9739e-07
2.73797e-07 2.86335e-07 2.45092e-07
2.38448e-08 2.93929e-07 2.09579e-07
2.64333e-07 1.25442e-07 2.63591e-08
1.81726e-07 9.42394e-08 4.05259e-08
2.85588e-07 2.58404e-07 2.36751e-07
6.92555e-08 1.99816e-07 6.63721e-08
2.52055e-07 3.0797e-07 1.70934e-07
2.26688e-07 3.17725e-07 2.86121e-07
1.05512e-07 2.10399e-07 2.77879e-07
1.50032e-07 1.82965e-07 2.01236e-07
1.23933e-07 2.10051e-07 1.54851e-07
1.62121e-08 1.19448e-07 2.26679e-07
2.45436e-07 1.49211e-07 2.35617e-07
1.69655e-07 2.45037e-07 2.19708e-07
9.36286e-08 3.09223e-07 9.75564e-08
2.55966e-07 1.98813e-07 2.90952e-07
1.04776e-07 2.06242e-07 1.80821e-07
7.75559e-08 9.16596e-08 3.73876e-08
2.7482e-07 1.24694e-07 2.92991e-07
3.03608e-07 3.06989e-07 2.08033e-07
2.06294e-07 8.38797e-08 2.81104e-07
3.06399e-07 1.17214e-07 7.38336e-08
8.28114e-08 1.65401e-07 2.27308e-07
1.8734e-07 1.11439e-07 1.72652e-07
4.46565e-08 4.30254e-08 1.76801e-07
7.87071e-08 1.49826e-07 1.22871e-07
1.53178e-07 2.49358e-07 8.70974e-08
2.7904e-07 3.14034e-07 2.85434e-07
9.24817e-08 1.34139e-07 1.65084e-07
2.44784e-07 5.22076e-08 1.31253e-07
2.25769e-07 1.42875e-07 1.69039e-07
5.67068e-08 2.21569e-07 1.43622e-07
2.15376e-07 5.33204e-08 2.54964e-07
1.06651e-07 2.55786e-07 9.2791e-08
2.08331e-07 7.88794e-08 8.01133e-08
2.83155e-07 2.95668e-07 1.55686e-07
2.59568e-07 2.05416e-07 1.63094e-07
2.10346e-07 1.2738e-07 3.03135e-07
1.6016e-07 5.53431e-08 2.90284e-07
5.60742e-08 9.75555e-08 1.52881e-07
2.9661e-07 6.64925e-08 1.42684e-07
4.17987e-08 1.31891e-07 2.19386e-07
7.19343e-08 2.49638e-07 2.50253e-07
5.0124e-08 2.59595e-07 2.83527e-07
2.08148e-07 1.97033e-07 4.23151e-08
3.10677e-07 2.64438e-07 1.24476e-07
2.58336e-07 1.2009e-07 2.04754e-07
2.38249e-07 1.33147e-07 1.03807e-07
2.86301e-07 3.1089e-07 1.22887e-07
2.49534e-07 1.64326e-07 1.01381e-07
1.42144e-07 2.97223e-07 5.74197e-08
2.17455e-07 2.27191e-07 9.86041e-08
8.82372e-08 1.31477e-07 2.78986e-07
2.80244e-07 1.83085e-07 1.92396e-07
2.06294e-07 2.07234e-07 2.1571e-07
7.65527e-08 3.63509e-08 3.07578e-07
1.11176e-07 1.7869e-07 1.80034e-07
2.36613e-07 2.42783e-07 2.27054e-07
2.59722e-07 6.52383e-08 2.25525e-07
2.14568e-07 1.67402e-07 4.0456e-08
1.8952e-07 1.92774e-07 1.1273e-07
2.61287e-07 2.33181e-07 1.61907e-07
8.17235e-08 7.94865e-08 9.46708e-08
2.05742e-07 1.02338e-07 1.06422e-07
2.30522e-07 6.18315e-08 1.55025e-07
7.95475e-08 6.36312e-08 2.08589e-07
2.83705e-07 1.11602e-07 3.23541e-07
2.62895e-07 3.17562e-07 2.08173e-07
4.09581e-08 2.02118e-07 3.07865e-07
2.9122e-07 8.66292e-08 2.63916e-07
2.66072e-07 2.51366e-07 2.87158e-07
9.86571e-08 3.05738e-07 1.74176e-07
2.4891e-07 1.18798e-07 1.45203e-07
2.55407e-07 1.63708e-07 1.55638e-07
2.94211e-07 7.51437e-08 2.04841e-07
2.28437e-07 3.86737e-08 2.64003e-07
8.04853e-08 1.49251e-07 1.44398e-07
1.96681e-07 2.1289e-07 1.15582e-07
1.87171e-08 1.03264e-07 2.78525e-08
1.20341e-08 1.15476e-07 1.57666e-07
1.00768e-07 1.52732e-07 2.63849e-07
2.64054e-07 4.23624e-08 3.63946e-08
2.6561e-07 2.89625e-07 7.20339e-08
2.93914e-07 1.95676e-07 7.81743e-08
3.05406e-07 1.41024e-07 1.00452e-07
9.98728e-08 1.74658e-07 2.56159e-07
2.29423e-07 1.11532e-07 6.78408e-08
7.16391e-08 2.62641e-07 1.86255e-07
2.43109e-07 3.38159e-08 6.52775e-08
5.01315e-08 9.15407e-08 1.0034e-07
1.09339e-07 2.44877e-07 1.55136e-07
2.93226e-08 3.13462e-07 1.56183e-07
1.21382e-07 1.11583e-07 1.40336e-07
1.48677e-07 2.12956e-07 2.41421e-07
1.46946e-07 1.12434e-08 1.17826e-07
2.81282e-07 1.08869e-07 1.25244e-07
2.9892e-07 2.74498e-07 2.52304e-07
1.41245e-07 1.81112e-07 1.44302e-08
1.15096e-07 1.33021e-07 8.25204e-08
1.34532e-07 2.90664e-07 9.7951e-08
1.63571e-07 3.938e-08 2.46942e-07
2.82937e-07 3.1114e-07 2.26857e-07
5.06824e-08 3.0426e-07 2.60092e-07
2.7082e-07 8.59107e-08 8.78222e-08
1.54391e-07 1.44176e-07 2.14535e-07
2.70956e-07 2.93311e-07 2.24932e-07
1.85009e-07 8.36767e-08 2.98018e-07
2.98552e-07 1.94743e-07 1.70417e-07
1.14434e-07 1.99493e-07 8.35382e-08
3.59808e-08 3.55066e-08 1.15408e-07
2.9117e-07 2.79967e-07 7.71464e-08
9.20412e-08 1.9139e-07 4.41977e-08
2.12129e-07 1.58703e-07 1.90881e-07
5.70594e-08 6.39432e-08 2.83227e-07
9.8239e-08 2.97057e-07 1.34103e-07
1.50689e-07 2.07602e-07 2.8995e-07
5.27755e-08 2.9534e-07 1.68712e-07
8.77532e-08 2.53932e-07 1.97568e-07
2.18154e-07 1.91989e-07 2.00078e-07
3.14958e-07 8.53479e-08 3.31619e-07
1.04318e-07 9.82631e-08 1.36604e-07
3.05596e-07 8.28929e-08 2.4534e-07
1.65868e-07 8.48615e-08 1.80951e-07
1.1183e-07 2.25364e-07 1.64355e-07
1.48565e-07 1.94064e-07 8.82205e-08
1.02409e-07 1.08105e-07 2.70952e-07
1.08815e-07 7.31473e-08 3.0875e-07
1.8774e-08 1.02449e-07 1.73401e-07
1.87464e-07 1.11855e-08 2.2242e-07
8.24376e-08 1.83343e-07 1.94478e-07
5.68179e-08 2.18894e-07 7.66393e-08
2.22718e-07 2.90815e-07 2.05238e-07
3.02974e-07 1.5473e-07 1.36963e-07
2.13022e-07 2.02098e-07 1.3296e-07
2.33656e-07 8.1036e-08 1.64451e-07
9.34033e-08 1.6553e-08 2.63622e-07
1.55244e-07 1.44491e-07 1.4429e-07
1.78229e-07 3.10961e-07 9.2633e-08
1.39843e-07 2.62142e-07 6.1807e-08
1.29586e-07 1.94144e-07 2.63565e-07
2.16154e-07 2.9012e-07 1.68773e-07
2.04517e-07 7.51435e-08 1.4655e-07
2.05727e-07 2.31541e-07 1.796e-07
2.62871e-08 1.87828e-07 3.14599e-07
1.04522e-07 1.97711e-07 2.50099e-07
1.78837e-07 2.11633e-07 7.35736e-08
2.04659e-07 1.70401e-07 1.09613e-07
2.05785e-07 1.7994e-07 5.56327e-08
1.34277e-07 1.13826e-07 3.10824e-07
1.17279e-07 4.69952e-08 4.82673e-08
2.82266e-07 7.49266e-08 2.81132e-07
1.09235e-07 1.34497e-07 2.21156e-08
2.38389e-07 4.85236e-08 3.08873e-07
1.4167e-07 1.66191e-07 2.64667e-07
2.80988e-07 2.47405e-08 2.36239e-07
2.43189e-07 2.87521e-07 1.89238e-07
1.58496e-07 1.70437e-07 2.16557e-07
1.68675e-08 2.82136e-07 2.60174e-07
1.37257e-07 2.40622e-07 7.56502e-08
1.77454e-07 1.53294e-07 1.98844e-07
1.98691e-07 1.49598e-07 1.38898e-07
8.72453e-08 2.08423e-07 2.30521e-07
1.11726e-07 2.7289e-07 2.62094e-07
1.37545e-07 3.02916e-07 3.3365e-07
1.27944e-07 7.47989e-08 1.09145e-07
2.56277e-07 1.97114e-07 9.71444e-08
2.46023e-07 1.24596e-07 2.24348e-07
1.73559e-07 1.23859e-07 1.32504e-07
1.9559e-07 1.59829e-07 1.57613e-07
2.20768e-07 2.87434e-08 2.22032e-07
2.09758e-07 2.79603e-07 2.28314e-07
2.84761e-07 1.32697e-07 2.51917e-08
9.46062e-08 1.14041e-07 3.0817e-07
1.80178e-07 2.23703e-07 1.85267e-07
1.34399e-07 2.40911e-07 2.81178e-07
1.52044e-08 3.38821e-08 1.20687e-07
2.23398e-07 4.46273e-08 2.93782e-07
2.46175e-07 4.78957e-08 2.50524e-07
2.83066e-07 2.04503e-07 3.36134e-07
2.73437e-07 7.80069e-08 2.10154e-07
1.32754e-07 2.81294e-07 6.83807e-08
1.89192e-07 3.81049e-08 1.49882e-07
2.8793e-07 1.47037e-07 7.67185e-08
2.37591e-07 2.64298e-07 2.30829e-07
1.17847e-07 1.86197e-07 2.94472e-07
2.01209e-07 2.91995e-07 9.04292e-08
1.78518e-07 9.31262e-08 2.79498e-07
2.62525e-08 4.7574e-08 7.80999e-08
1.51166e-07 2.68727e-07 2.13522e-07
2.51153e-07 1.74164e-07 1.82889e-07
3.36169e-08 3.03132e-07 2.99653e-07
1.81984e-07 1.15274e-07 2.03994e-07
2.01331e-07 6.06624e-08 3.15245e-07
2.26703e-08 1.36784e-07 1.45758e-07
1.75821e-07 3.03458e-08 1.88269e-07
2.08574e-07 3.07325e-07 5.63918e-08
1.9934e-07 2.44927e-08 7.39152e-08
2.21005e-07 1.67456e-07 2.99161e-07
2.74869e-07 1.63895e-07 8.13171e-08
2.63337e-07 2.19856e-07 5.44674e-08
1.78304e-07 7.95041e-08 6.27379e-08
9.11456e-08 1.59535e-07 1.938e-07
2.68476e-07 4.35173e-08 1.09582e-07
1.87051e-07 1.32528e-07 1.67283e-07
1.67265e-07 1.85159e-07 5.3171e-08
3.03894e-07 1.62454e-07 1.63311e-07
9.10475e-08 2.26341e-07 1.7084e-07
2.42357e-07 2.70935e-08 3.33317e-07
1.25006e-07 1.94858e-07 2.1909e-08
2.93685e-07 2.01367e-07 2.43971e-07
2.67716e-08 2.84554e-07 2.41296e-07
1.30094e-07 4.07632e-08 3.47263e-07
1.93792e-07 1.40312e-07 2.29763e-07
2.37151e-07 1.09512e-08 8.01128e-08
3.09948e-08 1.04277e-07 1.5556e-07
1.93927e-07 2.32445e-07 3.20528e-07
1.53776e-07 1.76727e-07 1.20234e-07
2.27756e-07 1.85915e-07 5.40178e-08
2.70508e-07 3.10186e-07 1.37686e-07
3.02505e-07 3.61833e-08 2.57642e-08
3.14183e-07 2.56434e-07 2.63988e-07
2.35566e-07 1.96921e-07 1.60839e-07
3.90754e-08 9.79368e-08 3.31404e-08
1.86861e-07 1.11946e-07 5.20484e-08
2.78074e-07 4.92204e-08 2.68303e-07
2.93965e-07 2.37891e-07 2.77063e-07
1.40318e-07 2.4297e-07 2.94617e-08
2.41737e-07 1.76098e-07 3.11392e-07
6.22656e-08 1.69362e-07 2.21073e-07
2.09341e-07 2.0735e-07 2.76177e-07
1.23075e-07 9.67807e-08 2.14009e-08
1.81574e-07 2.37715e-07 2.0197e-07
1.83544e-07 2.72851e-07 2.0157e-07
1.31405e-07 6.60357e-08 2.40252e-07
1.57519e-07 2.7307e-07 3.19495e-07
1.26432e-07 7.68021e-08 1.89093e-07
1.93439e-07 1.69627e-07 1.87304e-07
6.74664e-08 1.59324e-07 8.27948e-08
7.70953e-08 3.00357e-07 2.75977e-07
1.67168e-07 2.14109e-07 9.14553e-08
5.30348e-08 3.5003e-08 2.08727e-07
1.92789e-07 2.68142e-07 2.21898e-07
2.64875e-07 6.50349e-08 1.09624e-07
1.51827e-08 6.81316e-08 1.60315e-07
2.65246e-07 2.87643e-07 4.53479e-08
1.62024e-07 2.58887e-07 1.54816e-07
1.35145e-07 8.33884e-08 2.55714e-07
5.77527e-08 3.40143e-08 2.69203e-07
1.78605e-07 7.42776e-08 1.37225e-07
2.61855e-07 9.40178e-08 6.45972e-08
4.05535e-08 2.08606e-07 2.24837e-07
2.87048e-07 2.07168e-07 1.25006e-07
2.56815e-07 5.92057e-08 2.83009e-07
6.35934e-08 4.94035e-08 2.20926e-07
4.37301e-08 2.4799e-07 2.18083e-07
1.8454e-07 1.06834e-07 1.05708e-07
1.19742e-07 6.76927e-08 1.70505e-07
1.77352e-07 2.42527e-07 5.89892e-08
1.39388e-07 1.19681e-07 2.1138e-07
1.74517e-07 2.74438e-07 1.63201e-07
2.58796e-07 3.32438e-08 3.20879e-07
2.70095e-07 1.17898e-07 1.41489e-07
1.74514e-07 9.17797e-08 9.36421e-08
2.02658e-07 2.92918e-07 2.43612e-07
1.50118e-07 3.48363e-08 7.75248e-08
2.43095e-07 1.90597e-07 7.25366e-08
1.12534e-07 1.36937e-07 6.12805e-08
2.25197e-07 9.34504e-08 1.08815e-07
2.63901e-07 1.01611e-07 1.21007e-08
2.14303e-07 3.01606e-07 7.62777e-08
6.64509e-08 2.11622e-07 2.3609e-07
1.30389e-07 4.91268e-08 2.97676e-07
1.97825e-07 9.98878e-08 2.69267e-07
2.45572e-07 9.40552e-08 2.00889e-07
2.13612e-07 5.04348e-08 1.32505e-07
2.24795e-07 7.71675e-08 1.38455e-07
1.89025e-07 2.57803e-07 1.22559e-07
7.14802e-08 7.60426e-09 3.11906e-07
1.86071e-07 2.84534e-07 2.03467e-08
2.45517e-07 7.84848e-08 2.15887e-07
1.35991e-07 1.72329e-07 3.12765e-07
1.87887e-09 9.11067e-08 1.38563e-07
1.18e-07 1.0579e-07 7.9044e-08
1.55966e-08 9.94311e-08 2.09636e-07
1.45117e-07 1.96137e-07 2.97446e-08
5.49972e-08 2.54764e-07 2.62957e-07
2.20393e-07 2.46113e-07 3.30801e-07
5.42997e-08 1.49308e-07 2.21585e-07
1.82569e-07 3.00748e-07 2.65963e-07
9.85394e-08 2.04162e-07 1.07437e-07
2.10247e-07 3.99806e-08 3.10183e-07
2.48437e-07 7.75261e-08 2.95474e-07
1.14212e-07 1.01635e-07 1.95544e-07
2.90103e-07 2.67452e-07 3.28317e-07
1.86502e-07 3.06785e-07 1.58149e-07
1.23154e-07 5.08466e-08 1.57564e-07
2.88568e-07 2.25744e-07 2.30781e-07
2.52815e-07 2.9906e-07 9.48574e-08
2.22011e-07 1.06172e-07 2.97785e-07
2.18932e-07 1.66341e-07 1.63644e-07
2.68345e-07 3.16396e-07 1.82682e-07
1.86863e-07 2.61719e-08 9.14542e-08
1.73281e-07 2.16401e-07 1.30341e-07
2.86256e-07 1.37664e-07 1.79807e-07
1.64379e-07 2.26494e-07 5.30307e-08
3.54404e-08 2.73724e-07 1.29739e-07
3.47488e-08 1.51308e-07 9.59862e-08
1.82752e-07 1.58863e-07 6.06562e-08
6.12879e-08 2.66243e-07 7.07737e-08
7.8951e-08 1.26186e-07 1.50121e-07
1.82525e-07 2.88226e-07 1.20414e-07
2.52944e-07 2.70612e-07 1.13056e-07
2.39471e-07 2.32663e-08 2.53578e-07
2.60575e-07 3.41931e-08 2.04723e-07
1.30755e-07 3.1959e-07 3.21808e-07
2.16895e-08 1.33506e-08 2.96042e-07
2.33281e-07 3.29476e-08 1.13208e-07
2.3784e-07 1.1433e-07 2.01537e-07
1.58277e-07 2.55874e-07 2.99066e-07
6.51486e-08 6.78614e-08 2.63469e-07
4.61036e-08 5.65237e-08 2.31193e-07
3.73071e-08 3.24126e-07 2.76602e-07
1.01133e-07 2.84343e-07 1.7377e-07
